368
10060
25
31
348158
72
57180
132612
8038
8756
57188
NA
NA
124
126
9370
122481
1109
10840
8659
91801
248
257
441430
325
333
89872
398
NA
NA
407
417
142689
79754
56676
374569
83858
285973
84913
475
10396
8707
79369
10458
587
440603
389206
80114
79444
112401
353500
680
118663
56673
143501
146562
162083
55765
717
401027
116328
766
8912
786
59284
8618
93664
255022
125972
57172
815
726
NA
9139
643866
285025
NA
885
6361
50489
57124
9578
1010
1003
1005
1048
NA
51286
NA
NA
25884
1136
1142
10164
148113
1185
64084
22866
23242
1303
1277
57642
85301
1290
10699
10391
130749
200407
NA
1435
1442
53944
115908
6376
6387
1584
1594
1553
1581
153090
115265
8528
NA
245936
140881
1718
55526
81624
1733
1734
1740
127343
414061
8448
55816
9980
1826
92126
147409
NA
NA
NA
133584
114794
83401
NA
2081
NA
11082
9700
2134
2139
9715
654412
NA
9679
79850
NA
55120
201456
26269
89848
2245
8823
26291
2271
NA
55025
2328
NA
2350
8061
2301
2290
3607
448831
486
2554
2566
64090
79690
NA
8521
220032
2673
2691
81025
2706
349149
10243
9248
9290
8111
51704
2901
2903
79712
23498
3026
NA
NA
1404
404037
3036
1839
NA
84439
23119
NA
54511
6927
NA
3219
3226
3227
3222
3236
3232
3274
3354
23308
91734
3456
3484
3605
8808
90865
3581
9118
3630
84684
79190
22801
3679
3699
80760
8629
3744
NA
170850
90134
3758
56660
83795
8645
56243
57670
85449
57576
55083
11004
3798
64837
122773
257240
56062
NA
55554
9622
3866
8687
51350
NA
NA
NA
9113
26239
84648
11155
55891
56891
203190
375323
NA
NA
NA
NA
NA
NA
NA
NA
NA
NA
NA
NA
NA
NA
NA
NA
NA
654780
79836
4015
57622
53353
10489
206338
147719
NA
23764
4130
4135
4137
4159
4161
55388
NA
NA
NA
4240
283078
2315
4319
79812
4336
4356
255027
84311
64232
4440
10232
4498
4585
4593
4594
91663
85366
53904
4647
90634
NA
404635
9027
54602
140609
81832
4759
79570
8382
NA
4843
29881
NA
9971
NA
2494
NA
4915
4923
4952
NA
93145
442194
26539
126541
26476
440153
7932
4995
81328
119764
23538
387748
8590
81448
390892
26659
116039
5015
5030
132430
NA
56107
7703
23037
57595
5208
114771
55361
NA
10401
NA
5288
51268
5309
NA
10761
NA
NA
83449
5371
150379
5420
5444
25833
NA
333926
5535
54896
153768
5568
56341
5638
10942
NA
5669
5714
8643
5737
5738
5754
5803
115273
135250
255426
54542
83998
5989
64285
121268
23504
22999
8153
390
138065
80352
6134
349667
NA
339403
140576
9294
6343
57715
145264
327657
6317
NA
284948
6457
285590
6492
6559
6561
6564
6509
283238
25769
115286
1811
9153
3177
55315
66035
6514
55343
222553
2542
10991
23516
29986
55244
388662
6530
6534
8140
6578
81796
9892
NA
84973
6649
6666
6658
6660
6676
NA
NA
166378
9789
124976
23626
6707
6714
8406
NA
6487
55576
140901
6789
56977
6822
56241
9899
NA
10579
50833
50831
50832
259289
54429
161514
347853
NA
6916
56165
NA
NA
NA
NA
7036
64129
4071
7104
117532
127391
145942
132332
54867
NA
84283
144110
26022
9966
7137
7140
NA
7161
7201
10024
55503
NA
79809
60439
51271
50613
54887
89766
151531
7422
NA
155382
NA
7465
90199
7490
NA
9213
7559
7694
7697
7701
169841
NA
126070
84838
90317
93474
65988
54989
146540
342945
