NA
22
84448
641371
10965
98
134637
79841
55326
10270
10393
NA
288
150709
203286
161
400
9823
286410
NA
545
9532
144233
56271
340542
648
79184
NA
728568
83608
56683
NA
205428
51250
NA
NA
85478
892
940
10225
NA
55839
9702
1111
63922
NA
51138
NA
54675
9946
1491
NA
9646
58191
50626
120227
7818
NA
54849
23341
51611
NA
11266
10969
8411
8726
1915
9521
NA
493861
1967
8664
1975
55250
26610
10436
51010
23016
11340
NA
10447
2178
2188
150726
2230
NA
84248
9846
54433
NA
29889
2802
NA
57120
57678
9737
2960
3014
NA
NA
NA
26275
NA
8331
3178
51182
3312
NA
51124
83982
3482
10989
NA
NA
NA
NA
3820
84626
NA
987
10128
4047
84946
55646
4094
64110
28986
NA
29081
131965
56947
NA
NA
29074
11222
51318
26589
51373
54460
56945
64951
60488
4436
NA
NA
NA
4711
4715
4724
25983
28512
55035
79707
4855
4900
11051
23636
NA
132299
94101
54681
NA
78991
5202
10424
51227
5569
51316
5378
5422
11232
5445
5464
53938
5511
5621
84950
112476
5682
5701
10213
NA
51651
80324
11137
9363
10111
5889
5901
5917
NA
129831
51634
5984
55658
55182
9616
84268
26015
6120
6171
6133
6204
6207
6222
6194
NA
10055
56681
NA
6342
26040
83852
8273
6575
10479
285195
9126
79677
NA
NA
23642
9304
83891
6647
10290
6691
10418
6715
NA
51188
6489
83849
79921
NA
7072
54499
124491
84928
84866
131616
286527
25816
8718
7174
NA
80342
NA
90933
NA
60487
51605
54952
85453
54902
221830
127253
92912
29914
55325
7372
7386
57050
55813
23230
10785
55100
64132
340481
23051
10771
7556
7738
10795
80818
148254
163081
388561
27153
125150
