29974
2
53947
51146
13
344752
51166
154664
24
10351
10350
23457
85320
64137
116983
1636
59272
NA
55289
56
123876
54988
NA
139741
94
161823
8749
2515
53616
NA
8755
9510
81794
81792
140766
170689
170690
80070
9508
9507
11096
11174
56999
55811
111
112
119
NA
NA
NA
NA
NA
NA
NA
NA
NA
NA
NA
131
149685
NA
140
113622
148
151
159
NA
134265
173
340351
84871
8540
155465
183
186
189
113146
57491
57379
23746
9590
11217
9495
NA
1645
6718
213
NA
56052
144245
54890
55821
245
115701
57538
57679
269
270
273
155185
284
285
NA
162282
NA
124930
26057
NA
NA
340120
79722
257629
54443
55107
57101
121601
196527
NA
84168
314
NA
316
130340
NA
164284
187
335
338
339
346
319
350
55937
375318
363
23237
NA
384
57569
79822
NA
NA
23365
9828
NA
NA
50649
NA
NA
80210
56938
NA
NA
153642
56624
140458
433
NA
438
54529
443
259266
445
80816
NA
474
220202
84239
23439
NA
487
491
9551
NA
245972
525
245973
5205
26033
552
NA
NA
8313
563
566
10317
124872
8702
9331
79870
25825
55971
80115
25805
140836
8424
27241
10017
23786
255877
623
624
144453
55859
NA
23743
NA
414899
650
55589
651
NA
671
NA
NA
NA
675
NA
NA
83990
8927
7809
NA
685
54766
11119
11118
79908
153579
NA
283080
254439
399947
399949
121273
283579
84529
644809
146556
284083
78995
124773
147276
147685
79762
127687
148345
128061
284498
84886
148304
10882
NA
114898
338872
715
NA
284756
NA
128602
25775
NA
285315
80111
132200
79669
285382
NA
721
722
725
132989
439936
134553
NA
NA
NA
729
221416
347744
129790
NA
157657
NA
138255
NA
84688
286223
138240
771
377677
11238
NA
765
767
NA
55799
783
785
10369
59285
799
10203
NA
51806
163688
83698
57118
820
NA
11131
92291
NA
9607
55259
57524
57513
846
79820
NA
859
869
23468
200014
57545
79839
126402
29070
79635
160857
152206
151278
9720
NA
284992
115948
NA
NA
NA
NA
NA
149473
148870
NA
339834
NA
84692
80323
221016
83446
124093
220047
220388
90324
NA
887
6356
6357
6368
10344
6348
414062
6354
6355
NA
8900
9133
10309
1237
10803
NA
135228
910
913
131450
10666
342510
100131439
8832
928
166979
8697
993
8476
990
157313
200008
1000
28316
1002
1004
1006
NA
8099
8851
8999
1030
1036
50937
146822
1045
1046
9426
4680
NA
NA
1952
1063
2491
55835
91687
80152
NA
NA
55165
51148
1068
NA
NA
NA
NA
NA
NA
629
3075
3078
10878
81494
1080
1081
84952
10669
118487
1106
26038
NA
1119
91851
1129
1134
1140
1143
9469
4166
63924
51550
NA
150468
1158
548596
1159
NA
1179
9635
5010
9069
23562
51208
149461
53842
9073
160364
161198
51267
339390
10332
1047
NA
NA
81037
7401
63967
NA
1215
113540
168975
84735
1261
154043
1264
26507
54805
1267
10330
124817
54875
1272
6900
5067
152330
53942
26047
85445
22837
1300
1305
7373
1306
1307
1308
1278
169044
84570
1281
1285
1286
1289
50509
NA
1297
NA
NA
57094
594855
339302
1368
131034
1373
23418
84699
9244
1400
55118
1410
NA
1421
155051
1437
1440
1443
1464
10675
1466
8048
1469
1474
NA
NA
NA
NA
246100
NA
140690
1496
29119
1500
1511
55917
404217
NA
NA
NA
23316
NA
NA
1525
6373
10563
6372
4283
254158
1534
1528
51706
1536
1588
57404
56603
1549
1557
1559
1571
1577
10858
66002
NA
163720
10800
57105
116159
23500
92196
57055
440097
NA
1630
9201
1638
NA
1644
1663
1656
1667
1669
NA
503841
245928
117285
81623
NA
1674
NA
NA
1677
26220
1607
8526
10202
90957
23405
54769
9077
22894
374387
22943
27122
27121
27120
10395
10301
220107
9231
9229
NA
1746
1749
1750
11144
1761
58524
63948
63947
63946
1763
127602
55567
1768
56171
1769
79982
11080
25822
165721
56521
9829
83544
1773
1776
92737
1791
57572
135656
8193
NA
151871
55211
283417
349152
1807
1809
56896
165545
NA
NA
1825
NA
259234
10281
1829
1832
1834
NA
1837
285605
50506
NA
143241
84332
NA
51626
1869
64641
253738
NA
9427
347694
1893
NA
1894
1906
1910
29904
NA
151651
80258
1946
1950
1956
1960
1962
23741
1964
8661
1974
7458
1993
1996
1999
2001
55531
NA
54898
146956
2009
196047
2019
55740
10117
8507
NA
NA
NA
56943
NA
2034
54566
4072
255324
284656
1969
2042
2044
285220
2045
2047
2049
NA
22905
2056
2060
2059
1833
64167
2069
NA
NA
NA
54206
NA
NA
NA
NA
2101
55224
2115
132884
9156
NA
10640
2140
2159
2147
2151
9002
2152
NA
2172
3992
11170
374393
79843
286499
NA
283635
NA
NA
NA
284467
151647
25817
NA
NA
54757
9917
NA
NA
NA
NA
131177
284593
158724
NA
153745
112703
284418
84691
145773
222584
NA
NA
339145
171482
171483
171484
92565
NA
89885
2192
2201
2203
26263
26261
130888
83417
NA
80307
90342
2243
2244
2246
2255
2256
2257
2259
8822
2250
2253
2260
2266
114827
55137
27145
11259
24147
8468
100131561
80308
79857
497049
403150
NA
NA
NA
23768
23767
2321
NA
342184
56776
91010
2331
158521
2335
84624
252995
2346
NA
3169
2302
668
121643
93986
2356
2444
84978
23105
2495
84750
10690
5348
NA
NA
8325
9568
2551
2555
2557
2565
2567
55879
2571
2572
NA
26290
168391
85569
NA
84253
10634
283431
2626
2627
9247
2651
360219
NA
78997
2662
2658
392255
2664
2665
2668
284161
54438
2687
2690
84296
2695
2700
2703
2705
2707
127534
375519
10052
219770
2717
89944
2731
2735
256710
169792
9340
2742
8001
2743
83468
92292
219970
2760
26205
29925
2770
2779
2798
NA
51206
NA
10082
2823
NA
64582
57512
23432
27239
160897
2845
2861
2863
2828
54112
9052
114787
2879
9687
NA
64388
2891
2892
2893
2894
2898
2899
2868
131890
2911
2914
2925
2928
146395
2936
170825
2957
11036
2979
9626
NA
2993
3030
NA
3037
3038
84868
3043
10767
3050
348980
9734
25831
NA
9843
55008
388585
NA
148738
79802
3018
85236
8294
8362
NA
3161
3172
NA
3192
150280
NA
NA
3206
NA
3209
3200
3201
3202
3214
3215
3216
3217
3218
NA
3223
3237
3233
3234
3240
51440
3242
3248
3250
60495
NA
3269
9653
9955
222537
266722
3291
345275
3293
3283
159119
259217
22824
8988
3346
3350
3356
3357
9177
200909
3360
5654
94031
203100
3373
23553
54768
130026
3397
3446
3440
3452
3443
338376
56832
28981
3485
3488
347252
147920
NA
NA
3543
NA
3547
285313
3321
3589
3592
3593
3595
3598
84818
54756
3552
3558
50604
59067
50616
149233
11009
64806
386653
133396
NA
3563
NA
3617
NA
11185
56623
3641
10022
11172
3642
NA
64799
440073
154865
3656
8471
10265
3670
145501
91464
8515
3673
3680
3681
3696
142683
162073
284359
NA
182
NA
126306
353219
84056
83473
143879
89890
3736
7881
3745
3746
3750
3751
3752
9992
23704
3754
27133
30818
80333
3766
3769
3773
3761
3765
3776
3778
10242
NA
3780
3788
3790
284252
NA
3791
9808
9729
NA
NA
113220
9928
124602
26153
84643
374654
64147
90011
84063
84623
4254
152831
3831
57565
80311
151230
377007
5655
11012
43849
26085
3817
5653
3821
346689
8564
NA
3859
NA
192666
147183
3885
8689
125115
140807
9119
374454
144501
3888
NA
NA
NA
NA
NA
NA
NA
NA
NA
8844
283455
3897
54596
NA
90070
284217
3908
3909
3918
55915
NA
3929
10660
150082
3933
3938
160287
388633
149018
93273
3952
NA
29124
3957
3964
163175
340596
NA
NA
26468
3977
22998
NA
389421
132660
NA
NA
NA
NA
NA
NA
NA
NA
NA
NA
NA
NA
NA
NA
NA
NA
NA
NA
NA
NA
NA
NA
NA
NA
NA
NA
NA
NA
NA
NA
NA
NA
NA
NA
NA
NA
NA
NA
NA
NA
NA
NA
NA
NA
NA
NA
NA
NA
NA
NA
NA
NA
NA
NA
NA
NA
NA
NA
NA
NA
NA
NA
NA
NA
NA
NA
NA
NA
NA
NA
NA
NA
NA
NA
NA
NA
NA
NA
NA
NA
NA
NA
84894
149998
167410
NA
89782
55885
100128164
100128239
100128398
100129138
NA
100130264
NA
100131496
NA
100144595
100147773
NA
NA
NA
NA
NA
NA
NA
NA
NA
NA
NA
NA
NA
NA
NA
NA
NA
NA
NA
NA
NA
NA
NA
NA
NA
NA
NA
NA
NA
NA
NA
NA
NA
NA
NA
NA
283788
284344
NA
349160
389831
390705
400655
401176
414300
441052
NA
441601
441666
NA
643201
NA
643733
644189
728485
729652
729970
4014
125336
NA
2846
NA
4023
136332
340745
4035
79442
NA
80313
81543
79782
151827
374819
219527
220416
NA
80131
84125
26045
4045
NA
4053
4057
8581
54742
254773
116372
130574
130576
NA
57226
10894
NA
NA
4081
346389
84944
4100
4109
4103
4104
4112
139422
4114
4115
139081
139599
9223
114569
7851
4121
4124
4131
4133
9175
NA
8491
256714
79884
9479
22924
NA
NA
4139
153562
91862
5648
375449
4143
NA
4147
NA
4153
4160
4162
23101
90411
84539
NA
55283
79648
NA
23389
55384
84466
84465
NA
4212
56917
56955
4233
NA
25840
84206
55669
84179
4245
4248
25834
149047
79150
8190
54531
NA
4284
145282
NA
NA
NA
NA
NA
NA
NA
4312
4324
4327
4313
118856
NA
4316
4317
55329
3110
4337
80168
NA
79906
118812
254956
158747
10200
NA
744
56246
112609
NA
55686
116512
NA
NA
51263
51021
2206
932
NA
4438
4481
2660
4488
4489
4495
4502
27085
4544
NA
143662
140453
118430
139221
10408
50804
4628
4629
8735
4622
4624
57644
4626
4632
NA
4633
4634
91807
51168
80022
23026
84700
4430
140469
4645
4653
8736
9172
127294
NA
NA
10003
92345
259232
140838
51471
89795
285622
135112
9611
NA
4695
4703
NA
121441
4747
257194
252969
55247
152110
4751
4761
58158
NA
152518
NA
NA
55335
154215
286183
85407
NA
NA
NA
NA
22829
57486
126204
NA
4829
23057
NA
NA
4838
8715
4854
50507
64106
10361
255743
4878
4880
4883
4885
4886
4887
8013
4892
NA
NA
140767
9378
9369
4905
50863
170685
55190
83594
25961
11165
26747
64359
158046
NA
NA
NA
51686
29991
NA
4950
113746
55753
10439
118427
10562
116448
167826
4974
4975
9480
4978
4983
4986
4988
NA
390439
26529
138804
4992
8390
401427
4993
284521
56656
4994
26242
119749
26682
283694
390181
10798
120065
120066
283491
26628
114880
9180
56914
78990
220213
23252
NA
58495
64064
27199
5021
9127
440799
NA
NA
283208
133015
29943
5047
9506
5053
54873
79646
24145
60676
117583
NA
55742
139135
160065
5077
5080
NA
NA
NA
55193
54039
57575
83259
5099
5100
9752
56126
84054
56112
56110
9708
10336
NA
26577
5122
54760
255738
58488
9468
50940
5136
5137
5144
5146
5149
5152
5156
5161
9601
5166
9124
64236
10611
57546
10630
55066
5173
5174
23024
NA
53918
NA
51555
5190
5217
375189
5224
80055
84547
161779
5239
221692
116154
5251
NA
55023
5255
5260
22822
NA
8929
84457
120379
5296
8394
8395
NA
57605
83394
440822
168507
9033
27039
5314
93035
30814
64600
22925
191585
5332
113026
5337
5341
22874
5340
5343
10733
5350
5352
NA
NA
NA
57047
5362
5366
5367
5369
5376
139728
154197
5406
5407
5408
10687
NA
127435
50512
5426
5427
51082
10622
5443
NA
NA
NA
445582
5449
5457
5459
5467
10891
60490
8541
8496
5480
22843
94274
81706
54866
84152
NA
80316
5506
55607
NA
57718
23532
65122
391002
NA
59335
63976
56979
10935
5549
5553
5563
53632
5583
5584
5587
5592
5616
23627
149830
5625
5627
NA
5629
5961
51334
285800
5639
51450
83886
NA
NA
NA
NA
158471
57716
84249
NA
23362
5672
5676
5678
5681
10197
5723
256297
9536
5740
5753
5784
11099
5774
NA
5793
5798
5801
5802
11122
10744
NA
150962
NA
7837
137902
5827
5858
54814
23475
84074
201475
64284
NA
5865
5870
9135
5877
11159
83956
5810
56852
144715
55698
5897
138046
10267
202151
5909
5911
11069
51195
65059
5915
51655
5923
5924
54922
91608
65997
11228
55225
NA
NA
5933
389677
55696
58517
NA
155435
375287
27288
378948
378950
NA
348093
10231
23186
5957
145226
8434
NA
5649
5972
389075
5978
NA
10740
10739
5992
729857
84220
6003
8601
26166
5998
5999
401190
85397
388531
353299
6009
NA
22836
57381
171177
84528
NA
55188
9699
54101
122651
8635
79589
9781
57484
165918
285671
91445
140545
9025
6091
54763
4919
6096
6101
6121
NA
NA
NA
6192
NA
6236
6239
6247
NA
340419
NA
154661
860
NA
59350
6262
57402
795
170591
6288
6289
6291
6299
57167
90378
201191
NA
23328
6304
23314
NA
NA
55206
NA
NA
192683
677769
79966
10648
4246
6323
6324
6326
6327
6330
6334
6335
6337
NA
NA
79634
6385
221935
121214
23541
266629
6400
6401
NA
10371
10512
223117
9723
9037
57556
80031
6406
6407
NA
NA
NA
NA
10169
12
5104
5273
89778
89777
6318
5268
5269
8710
462
3053
56256
NA
6419
57713
6422
6425
207107
6444
6445
10110
9905
6450
23677
152503
26751
22941
6461
399694
152573
NA
NA
6473
357
57477
54414
283514
114132
946
27181
NA
6495
51804
NA
8935
NA
6557
57468
117247
151473
6571
80704
6506
6511
387601
6581
114571
9963
151295
57419
83884
89874
9481
NA
NA
65010
115111
28965
6517
10568
23443
79939
54733
148641
NA
153201
124565
151258
55089
80736
146802
6508
83697
6527
60482
6529
55117
54716
23657
6542
84889
6543
6579
53919
11309
133482
NA
9353
NA
84631
84189
6601
NA
4184
140775
23381
NA
64094
10924
27293
23676
150572
6615
6616
NA
6627
NA
169166
254122
9306
30837
10580
8470
114815
57537
22986
NA
6652
25928
8403
6657
NA
NA
11262
171169
389852
6674
10407
79582
139067
219938
NA
NA
NA
NA
83890
57405
245711
NA
10927
139886
27290
404203
56907
84501
6696
80176
55304
NA
NA
57522
9901
6717
6731
27286
10250
23524
NA
170463
8082
6747
6756
6757
548313
280658
280659
6767
9705
7903
29906
6769
10734
442582
NA
90627
NA
80765
147323
9754
6780
26872
261729
161003
346673
29966
NA
55014
112755
6812
8802
NA
NA
23213
6819
27233
6783
NA
8464
55061
22987
NA
136306
93426
221711
50511
6854
81493
NA
8831
8871
79933
132204
6855
6857
91683
9066
90019
143425
134864
134860
NA
4070
6884
6879
29114
6887
85461
NA
50837
6898
NA
55633
9519
10716
50945
6911
140597
56849
6939
NA
NA
91646
163589
122402
8463
7004
64518
NA
NA
NA
NA
NA
NA
NA
7018
7020
7022
83741
29842
22797
7980
7038
7042
7047
9333
168451
7057
7058
7060
7066
7069
221981
NA
8277
79816
7093
NA
116441
79853
117531
342125
79905
146456
283953
338773
222865
54972
135932
55314
NA
NA
NA
NA
NA
NA
NA
90407
25789
85025
91147
137695
27346
7112
132724
9407
84000
64699
164656
83857
84899
3371
388121
4982
23495
NA
55504
27242
8744
85456
64102
63923
7134
51086
7138
7139
7141
10040
146691
163590
NA
7164
7166
7173
7174
7179
93492
NA
29896
133022
54209
51127
23321
10612
11074
55521
135644
287015
80263
135892
NA
NA
84676
493829
114088
9321
7216
8989
7222
7223
57113
4308
79054
80705
254187
7252
7253
85480
55815
7102
10867
NA
NA
388951
81629
151613
64927
23331
83894
92104
150465
254173
83887
284076
79739
7274
50858
246119
252953
252955
114760
83863
84672
84673
83864
57348
7275
113457
79861
7280
347733
NA
7289
NA
7991
286753
7291
117581
84203
NA
55075
55236
7319
10477
NA
9690
29979
NA
NA
54576
7363
80329
80328
219699
NA
54346
7348
131669
7399
83878
9099
83844
57663
NA
85015
64854
159195
8287
NA
NA
6843
57687
NA
391104
7429
7432
317702
317703
54832
NA
NA
222008
127731
375567
7450
10352
NA
57705
151790
284403
128025
144406
256764
84942
79968
58189
164237
140870
8840
8838
65268
65267
7482
7473
54361
7474
7477
7478
7483
7485
23302
23286
NA
25937
NA
NA
129446
7503
150165
9942
64131
10413
NA
78992
64848
7533
326340
79740
79413
65986
NA
10009
140685
NA
NA
23091
389874
158866
NA
79776
140612
124961
22835
132625
NA
NA
22882
7546
7547
84107
114026
163071
339318
7568
7761
7638
7772
353355
9310
NA
129025
91975
282890
79175
25850
NA
22891
NA
151126
55786
23090
80264
51710
126068
353274
285676
220992
NA
22869
85460
NA
NA
284306
80032
147741
137209
79898
90589
158506
144348
63934
641339
7620
79986
619279
7562
7552
148206
283337
90321
388507
91752
152485
284391
401983
NA
84133
57829
131368
NA
201516
151112
NA
