1
NA
NA
14
NA
132949
26574
19
20
21
10347
5243
10057
215
225
5825
6059
23
10061
9619
26090
84945
NA
NA
11057
79575
51225
27
3983
84448
80325
30
32
80724
27034
35
37
9744
79777
84680
55331
22985
641371
10965
11332
10005
52
53
51205
55
84519
23205
80221
197322
116285
55902
60
345651
86
87
89
81
55860
10121
93973
130399
92
93
100
8751
8748
8745
8754
27299
11093
11173
92949
54507
339366
11033
103
118
NA
NA
NA
NA
NA
55256
22850
136
83440
141
54936
154
158
122622
121536
166
4299
NA
NA
10939
116988
NA
79841
60509
3268
55750
79814
NA
NA
10555
56894
NA
55326
23287
57085
25909
191
10768
79026
10598
150209
9049
55966
NA
11216
11214
9465
10270
26993
80709
10327
8574
246181
207
10000
211
212
126133
5832
216
8854
217
4329
501
79868
199857
29929
79053
8846
84266
241
249
251
55626
51005
NA
NA
347902
9949
81693
275
64682
51529
NA
29882
51433
51434
90806
9068
150709
348094
NA
126549
51281
54522
26287
22852
84079
51239
91369
NA
23294
124401
55139
338440
8125
NA
23520
290
311
302
307
309
313
NA
162
164
161
1173
8546
8943
26985
1176
10239
23431
9179
NA
321
10307
324
147495
327
328
83464
334
NA
9582
27350
200316
23780
80833
NA
351
26060
55198
9716
377
381
84364
10139
79658
9824
55843
55114
84986
83478
9938
23092
201176
NA
257106
NA
NA
393
9138
9639
128272
9181
50650
7984
8874
8289
10865
25820
NA
115761
339231
26225
221079
51329
127829
79798
79637
51309
54470
9915
10552
10109
10093
10092
408
92714
27106
411
8853
51665
92591
140460
140462
10973
430
8623
80150
23245
171023
84896
85300
468
11016
55729
80063
83734
NA
55102
84938
471
51062
64225
25923
472
1822
57194
57130
23400
476
NA
478
513
517
537
23545
533
9114
8992
528
90423
9296
534
57198
10079
91647
545
84126
25814
6311
11273
6314
222255
127002
NA
550
54998
23080
NA
567
148789
8705
NA
26229
10331
84002
338707
2683
9334
NA
80776
NA
9531
574
8938
54971
8314
580
NA
10538
9031
29994
583
55212
4059
10134
54828
55653
593
64919
597
602
9274
607
54880
613
NA
56898
627
8678
7439
340542
8419
632
168620
636
NA
51411
332
10904
641
644
90427
656
657
9790
NA
662
664
NA
51027
654483
66037
NA
NA
NA
23476
10902
55290
25855
NA
22903
90135
689
7832
695
56244
9184
NA
28969
79946
29125
53838
119710
79703
91298
283461
79794
55017
56967
9556
56905
123207
388135
89927
283897
64755
57020
404550
388284
NA
124944
339263
64149
55028
147339
162681
83636
84798
28974
55337
54955
54987
54991
127703
NA
79169
25912
79078
712
114899
128653
25943
149840
55969
8209
54149
128977
9854
26005
NA
150590
84417
54980
388969
339883
NA
NA
221545
NA
50854
81688
221477
55262
84310
65265
84933
84909
257169
375759
203228
760
762
763
81928
26256
774
777
782
784
790
57658
800
810
811
813
817
55450
814
84254
10645
157922
23261
23125
55832
124583
821
10487
823
11132
147968
NA
824
826
65981
84698
829
832
29775
84433
114769
64170
NA
NA
64921
836
839
842
54897
865
867
868
873
874
150472
23466
23492
57332
25776
54862
NA
203260
84317
90060
84865
NA
NA
NA
28952
79140
83643
NA
124808
152137
26112
64925
NA
151887
79780
283234
26093
60492
80212
55702
6369
56477
83605
890
896
900
81669
905
219771
9236
1233
10575
10694
NA
NA
977
57126
911
912
914
919
10421
10871
948
917
920
958
960
962
968
924
973
974
975
3732
925
10225
83692
8872
994
11140
998
56882
56990
988
113130
999
64405
64072
64403
60437
NA
10423
NA
8558
NA
1017
10263
80279
1021
1024
1025
54901
1029
91368
1039
284040
1040
55573
1044
90273
1050
1051
1053
1054
NA
NA
1951
NA
79172
401541
201161
NA
NA
NA
22995
NA
22897
11190
NA
23177
80321
55722
NA
NA
1066
NA
NA
NA
1072
NA
5199
NA
8208
NA
1103
51142
54927
131474
80205
1111
55743
1116
1121
27243
NA
29082
1123
NA
NA
8646
1137
50515
166012
113189
NA
10519
27141
4261
NA
1153
10370
9793
NA
NA
1178
1181
1186
137075
56650
125875
10462
23274
NA
29121
1192
9022
25932
53405
9685
7461
79789
1201
1203
54982
1207
10978
81570
1209
9746
1211
1213
23059
171425
134147
80790
123920
146223
112616
NA
7555
55748
NA
4849
4850
246175
9337
NA
10695
245812
79937
NA
NA
NA
NA
80347
1690
25839
84342
1298
150684
23412
54939
28991
29099
1311
118881
1314
11316
10980
50813
64708
10920
22818
93058
27235
51004
10229
57175
1355
285521
1327
1329
1345
9167
1359
132864
80315
10814
221184
8895
144402
1371
NA
NA
10898
11052
1374
1376
NA
8738
51185
54544
90993
148327
1389
79174
1390
51232
1397
1398
1399
54675
51340
10491
23373
200186
64784
1408
1427
51084
NA
27254
7812
1434
1436
1438
1439
55790
1445
1454
1455
1459
1460
NA
1471
1477
64693
NA
NA
100128553
1487
1488
10664
10217
1495
1497
NA
9646
440387
5476
1075
1509
1512
1521
2017
8454
8452
9820
51596
50624
55280
1524
58191
6374
NA
2833
7852
541578
63932
55086
51523
NA
1727
1535
26999
1544
NA
1573
113612
8529
1595
9267
9266
9265
27128
NA
728294
51339
1603
1611
1613
1627
51163
1629
NA
NA
NA
NA
NA
341019
51473
64421
196513
28960
1635
1639
10540
10671
79077
51181
23576
80821
23259
NA
780
65992
1652
1653
1662
11269
9416
55794
64794
NA
NA
51202
79039
54606
10522
1666
26063
9191
NA
8560
57706
163486
79958
163259
79961
91319
NA
84649
85359
1606
1716
147015
9249
10170
54505
22907
60625
170506
57647
1659
NA
NA
23181
27185
9940
1739
1741
1743
NA
55929
1756
93099
1760
9988
10294
3337
4189
55735
29103
55192
NA
1777
10059
1785
26052
23268
NA
55619
1794
85440
83475
1796
55715
84444
1798
64174
5977
1802
NA
54344
10072
1803
91039
100129460
442523
1806
NA
10589
NA
4733
1824
79075
51514
84062
1840
113878
56931
11062
8446
150290
54935
1845
1847
1852
1856
NA
1778
1781
1783
79659
8445
8798
8291
9666
1876
85403
9166
84650
11319
1889
9718
1891
79746
1892
NA
128178
80153
8721
1907
NA
1936
1937
60678
84288
30008
NA
1949
10278
54583
112398
23301
10938
30846
79813
10919
9538
493861
84285
8894
8663
8665
8666
8668
27335
51386
1973
9775
1975
1984
55520
60528
1994
1997
8178
9844
64834
NA
NA
NA
NA
NA
NA
NA
NA
197342
256364
NA
2012
2014
NA
2020
2022
NA
2023
2026
10495
22875
57634
57669
80314
54749
NA
2041
2043
2053
2057
2058
2071
NA
2078
57222
51290
51614
2079
90459
112479
79033
11160
114625
NA
79956
10595
NA
121506
10961
NA
NA
83715
2099
NA
2103
NA
NA
2108
2109
55500
2120
NA
7813
51466
2128
2130
NA
60412
23233
118460
23086
2131
2135
7430
2162
2155
2166
2167
23197
83541
90362
NA
NA
150864
79607
23196
54954
220108
64855
57579
NA
25854
26049
NA
NA
NA
NA
NA
NA
NA
NA
NA
NA
NA
NA
NA
54537
60343
54097
163933
81553
51571
128876
NA
375061
23625
NA
25940
NA
2178
2189
55215
2193
10056
2194
79675
2197
85302
2091
54751
10516
54850
79176
84961
26233
80204
26232
23014
26260
26273
114907
26272
150726
26190
26226
54461
2208
8857
2214
2215
2217
2219
2220
115352
127943
2232
2237
2242
2248
NA
10875
2268
85462
9158
11153
9896
NA
84922
2280
2286
2288
79147
2313
2314
643977
284124
399821
NA
10211
2330
NA
57600
2342
2352
2355
3171
27023
2296
2306
55810
22887
221937
1112
2308
2309
4303
94234
10023
53940
197258
NA
2521
NA
8087
9513
53826
79443
2534
2535
7855
8326
NA
11337
23766
2553
NA
2559
2568
4616
90480
2580
2584
2585
130589
2588
55568
63917
2590
11227
11226
2593
23193
2597
54433
2618
8522
NA
2520
2625
57798
2629
57704
8729
2634
163351
2639
2643
2644
NA
54834
10220
9518
25929
NA
NA
2670
2671
2672
84340
2675
64096
26088
NA
91227
2689
2692
51738
170575
26157
55303
28964
57165
2710
2720
26035
2733
2738
152007
2739
51228
2746
2747
2752
NA
2762
10691
51291
29926
2767
2776
2781
2782
10020
51764
54331
2787
2788
26354
54552
27232
8443
10007
132789
84572
NA
NA
2804
51026
9527
9570
2806
2815
8733
63906
23131
151306
60313
23171
NA
27238
10457
139760
29933
7107
84636
2850
2859
51463
26086
2875
84706
2882
493869
10750
9402
160622
2885
9380
2902
2906
116444
56850
NA
NA
2896
80273
83743
NA
NA
55876
79792
2932
2937
2939
373156
2944
2947
9446
2950
2961
2965
2968
404672
2969
9569
84163
2975
2976
9330
9567
84705
29083
121355
NA
NA
NA
2996
2997
3003
3004
8971
3014
3020
3021
NA
NA
NA
3033
3032
84264
145864
3035
23438
NA
NA
10456
NA
3052
3054
54985
10021
10866
3065
8841
10014
10013
55869
NA
NA
139324
NA
92797
51409
8924
9709
64224
54626
84667
3073
284004
3077
3082
138050
3087
11112
NA
NA
204851
8479
3009
3010
221613
8335
85235
8331
8336
8344
8339
8345
8346
8340
8342
8341
8358
8352
8351
8968
8355
8368
723790
317772
8338
NA
NA
3097
3098
3101
NA
NA
NA
NA
NA
NA
NA
NA
NA
NA
NA
NA
NA
NA
NA
NA
NA
3131
3142
79618
256158
3159
3149
3157
3150
3151
NA
10473
10042
3162
3163
3166
3167
6928
144983
3191
11100
221092
57594
51361
84376
3203
3212
3225
50809
3241
3257
11234
3265
57110
8739
64342
51144
3295
3298
7184
3303
3305
3310
94086
23640
3329
10808
3364
10075
84329
81888
285148
3376
25998
3383
3385
29851
3399
3417
3419
3420
3423
122509
10437
10581
340198
387733
NA
3441
3460
55764
NA
51098
55081
3480
10643
3486
NA
3493
3508
NA
3514
NA
NA
10261
93185
3550
3551
10320
22807
22806
3587
3600
10068
3556
50615
9466
3561
9235
3572
3575
3608
3609
3611
80895
10989
55272
3612
3613
54928
3615
3619
3621
54891
3631
8821
3633
22876
3643
55174
NA
57117
NA
92105
80789
25896
55656
55756
27130
9807
9670
3843
10527
10526
79781
124152
128239
9922
3662
3394
10379
8660
50805
81875
64843
57611
79763
NA
57461
3674
3678
3683
3688
NA
3690
3691
3695
3697
3702
9452
3704
80271
85450
150771
50618
55677
NA
NA
84522
9832
100137047
9929
NA
NA
3726
NA
NA
NA
3735
NA
8850
10524
NA
NA
3737
8514
81033
9424
10089
3779
27094
27345
10984
253980
222658
200845
10945
NA
NA
2531
9817
NA
9674
9812
9692
9764
653319
90231
158358
3832
55614
NA
10749
10112
9585
3835
3796
221458
3833
8462
136259
83855
1316
23588
116138
54758
127707
113730
200942
57626
55175
23276
27252
84861
54800
64410
79786
NA
51088
55958
354
NA
10219
NA
NA
NA
85442
9735
3839
3840
3841
23633
3837
84626
83999
3861
3868
3850
286887
3855
121391
NA
NA
NA
NA
8942
79944
NA
83746
84456
3903
3911
3916
NA
NA
10314
23367
NA
23395
3927
27040
26524
143903
3931
353133
353139
353141
353143
3932
9836
3937
3945
NA
26119
114823
137994
3955
3956
3965
5641
55366
3975
3976
3980
3981
11024
11027
11026
23547
353514
11025
11006
10990
79166
55957
91750
286826
NA
NA
NA
NA
NA
NA
NA
NA
NA
NA
NA
NA
NA
NA
NA
NA
NA
NA
NA
NA
NA
55180
51601
128077
3993
55788
64788
4001
4005
22853
NA
100130744
NA
NA
NA
NA
NA
NA
NA
NA
NA
NA
NA
NA
NA
NA
NA
148413
NA
220077
220729
284454
389199
389641
400464
407835
440461
541472
554206
NA
644936
728613
NA
NA
90246
84695
84171
NA
54947
4026
23143
116844
26020
4037
4043
NA
55227
474354
10233
126364
26231
NA
64101
57470
116064
56262
84230
55144
54674
220074
222229
134353
57819
25804
51690
4047
7940
4050
1241
NA
7798
9450
4063
4067
653639
57128
256586
145748
119180
54585
8216
4074
10586
8379
10459
8567
10296
4094
389692
4097
9500
10916
81557
28986
4116
84549
10892
NA
4122
23324
4123
63905
149175
NA
81631
55201
5604
7786
9064
11184
5871
55700
5603
225689
93487
79109
8550
22919
10982
NA
NA
NA
2011
84930
4145
4146
8785
NA
4150
53615
55777
114785
NA
10150
129642
79143
8720
27349
84693
23263
NA
4171
8888
4174
4175
10445
28985
NA
266727
4191
4193
23195
10873
4204
5469
400569
116931
9969
51586
219541
9477
9439
9441
55588
29079
10001
112950
55090
4205
1953
9833
4222
56257
10461
NA
55897
23173
10988
79006
NA
NA
NA
NA
NA
339175
55798
56339
64863
51108
51320
399664
4236
4238
9927
NA
NA
84975
256471
23269
11282
10724
4259
142678
57553
84953
85377
NA
11043
90007
NA
NA
4282
NA
4285
NA
NA
NA
79003
NA
4286
57591
8569
2872
23609
54903
9761
4291
197259
8028
4300
NA
6945
326625
4320
4326
64386
NA
NA
NA
116255
22880
NA
10933
64598
9526
219972
4350
10198
4352
51678
143098
65258
NA
22808
93621
114932
219928
124995
29088
63875
29074
55052
51264
64981
64979
51253
64978
51073
64976
84545
740
116540
116541
55173
6183
63931
64960
51649
23107
57380
51154
10335
51338
NA
NA
4436
55167
4478
4482
NA
55545
57504
4507
23787
23788
4515
92140
NA
9650
NA
4522
25902
64779
54545
9110
66036
25821
4552
9788
4547
NA
57509
4580
4583
4584
84939
80198
NA
4598
9961
4600
83463
439921
4603
4607
4609
NA
4615
26579
79784
4621
4627
NA
4635
58498
10398
29116
4651
4643
64005
4649
4654
91977
NA
55728
23138
29104
NA
NA
10004
NA
65220
4668
55577
4669
4671
4676
266812
222236
9476
26502
79731
24142
26151
89796
NA
23218
25832
84224
23310
29781
NA
4689
4690
3071
51517
56926
57727
23054
259197
10403
54820
81565
10397
3340
8509
4705
126328
55967
51079
4702
4716
4713
4714
4715
4717
4720
4722
4726
4728
4723
4729
55707
NA
4738
284086
91754
4753
29937
NA
81831
4758
NA
NA
4762
50674
NA
4771
4773
84901
4775
4782
4790
4793
64332
4800
51335
374354
NA
84276
60491
51199
4814
4815
123606
81614
NA
8508
11188
4817
NA
NA
85409
4818
28511
4820
NA
54475
22861
91662
114548
199713
4831
10201
9111
57407
NA
28987
10392
25926
9221
23420
8602
51491
4839
NA
10528
51070
4851
4855
4856
64067
246734
56654
NA
NA
NA
4869
NA
9572
7376
10062
8856
126382
10002
7025
4306
29982
NA
NA
4899
3084
4900
83714
51299
NA
64324
NA
NA
50814
55968
197370
NA
54780
NA
55695
221078
84618
93034
64943
51559
4907
4913
4682
10726
84955
23386
4521
256281
55270
84309
NA
79873
318
9253
57122
23165
79023
79902
9688
4928
11097
4931
11247
29107
60506
220323
4942
4946
79629
54940
8481
4967
55239
4968
11339
29789
10215
115209
26254
441295
26716
10820
84876
80228
NA
5004
29095
94103
10956
5007
114885
126014
NA
64172
5008
54726
55593
51633
56957
124641
5016
NA
5023
5025
5026
5027
27334
64805
5029
5031
NA
5034
54681
5036
26986
80336
8106
29993
11240
23569
54623
NA
5058
5062
9924
80025
55229
56666
NA
89932
9061
9060
152559
50855
84552
NA
142
64761
54625
165631
29780
23178
NA
22976
NA
NA
64081
5090
5091
5093
NA
5095
5096
56127
51585
55795
5106
115294
55251
5111
NA
NA
126006
27344
9159
78991
80380
5134
79031
201626
5142
9659
5158
5154
2923
5163
5165
81572
57107
23042
NA
8566
79849
10158
8682
55825
23089
27043
10400
5187
5192
8800
8799
9409
8504
5198
5204
643834
NA
267004
5228
NA
25796
8993
54858
10857
10424
9489
65979
5245
80012
5252
26147
79142
5256
5257
401
29085
NA
5298
8554
8301
NA
5279
54872
93183
23556
54965
84992
118788
5286
5291
5293
113791
30849
146850
29992
415116
NA
23396
26207
9600
10531
NA
5311
5569
5585
81579
5321
5325
5328
5329
23236
5330
5335
55344
23646
54477
64857
26030
130271
55111
389072
80301
NA
NA
NA
57125
91584
23654
23129
11243
5372
5373
23203
5395
441194
NA
NA
NA
25953
8228
10908
55163
NA
23509
57645
23126
5422
5424
5425
26073
5428
84172
64425
5430
5433
5435
5436
5440
55703
661
10621
171568
29954
22932
10940
10775
10248
64091
25913
5452
5453
5455
5463
27068
5465
133522
5471
8500
8495
51535
5478
5479
5481
10450
10105
23759
85313
5494
9647
5496
NA
51400
5499
5501
6992
23368
23645
26051
NA
5502
NA
5509
5519
55844
28227
5525
5528
5532
9989
5536
5537
NA
5538
10084
130814
NA
5547
11107
10113
27166
NA
10216
144165
29964
5557
5558
5564
5566
5567
5571
5576
5578
5579
5580
5588
NA
23683
5613
3275
10196
10419
NA
147011
5626
26121
25766
8899
10594
5631
5634
78994
222171
NA
NA
NA
80758
NA
NA
79056
5660
29968
23550
5663
5664
11168
5686
5688
5689
5691
5693
5695
5700
5702
5707
5718
5719
5709
5711
9861
5713
5720
56984
NA
9051
9050
5724
26024
9791
5728
5732
10728
5742
2185
5763
53635
5781
5777
5778
5780
5790
5795
5797
9232
754
5806
22827
23369
5813
80324
83448
5817
170394
222659
29108
5831
29920
NA
79912
5768
169714
23518
NA
9230
22841
26056
22931
53917
5874
27314
NA
9363
11021
116442
10966
57799
53916
5868
5869
5878
9367
10244
5875
NA
5880
5884
5887
10111
10635
NA
25788
23132
5883
5894
10928
NA
NA
5900
9649
22913
5901
10048
NA
NA
5914
5919
5920
5922
9462
64926
221002
10125
115727
11186
283349
83593
8045
125950
5928
5929
5930
5931
64080
64783
84991
9904
55147
79171
129831
54502
83759
10181
3516
149041
11123
55920
5955
57333
283248
112724
5959
9401
80346
7905
5970
285613
84957
161253
5973
11079
473
NA
NA
54884
NA
57109
NA
5985
NA
5986
10737
91869
56963
10636
10287
9628
57414
9028
387
389
54509
399
55288
89941
NA
79608
353116
54453
79890
83732
NA
NA
NA
NA
NA
55005
6037
6039
84153
440400
54778
79845
55658
84282
50862
114804
NA
115992
26001
81790
54476
NA
55182
79102
10193
84900
8732
6050
NA
10921
NA
9475
79641
6095
6102
6117
26015
23322
4736
140801
6137
23521
6138
6141
6142
6146
6147
NA
6159
6122
6156
6161
11224
116832
6130
6132
6175
113157
6184
79897
54913
NA
10556
23248
6205
6208
6234
NA
NA
6188
6195
6197
NA
NA
27079
285367
84881
10325
6237
22800
6238
6240
54700
NA
8568
23076
NA
NA
26156
NA
84870
6251
83546
219790
NA
NA
NA
NA
NA
6252
10313
57142
65078
NA
NA
55680
22902
NA
112611
6256
23429
6282
6277
1901
53637
22908
10055
140700
154075
55095
142891
25813
NA
NA
1757
6301
54938
9733
54440
6303
112483
81846
9522
10066
NA
22937
950
91179
NA
7356
117156
51540
22955
6322
256380
6339
6341
59342
23513
9805
83482
85508
57410
NA
10807
NA
6388
NA
NA
6390
6391
6392
54549
56948
93517
6396
9919
89866
26984
9117
9632
29927
NA
6398
NA
NA
6403
6404
7869
56920
54910
10507
10505
10501
26168
123228
NA
NA
NA
NA
NA
NA
26297
10955
256987
5055
5271
29946
9739
23544
10291
10946
23451
10992
10262
113402
375035
94081
118980
81855
119559
6443
8910
6446
27352
25970
10044
387694
400745
83442
NA
56904
344558
79628
NA
6462
6464
79801
6469
149345
92799
23729
257218
55164
59307
8778
27036
NA
25942
10326
55423
51548
51547
10572
147912
8631
6498
6499
6503
6504
7884
6555
8273
84068
6556
6558
6560
10723
6566
9194
57030
6575
63027
1468
8402
10165
10478
60386
79085
81894
55972
203427
283130
91137
292
NA
293
1836
376497
11000
6513
56731
11182
29988
10463
1317
9197
113829
347734
51006
NA
NA
120103
54020
153129
57181
283375
6519
6520
254428
124935
29015
23446
57153
57210
8671
NA
NA
6526
6528
6532
6533
6541
9057
23315
285195
28231
353189
146857
162394
200172
6585
26050
9748
6590
57152
NA
NA
4086
4088
4092
6597
56916
6598
6603
NA
NA
NA
NA
NA
NA
NA
NA
NA
NA
54498
55512
57154
114826
116841
6618
6619
6621
23557
27044
NA
25992
NA
NA
NA
79753
9751
11066
9410
154007
6625
6626
6631
6633
6638
6645
54221
10073
22938
57231
9784
90203
81609
8723
51429
55084
8835
122809
6648
6272
NA
30812
6672
93349
6668
6670
6671
200162
10615
9552
6678
6683
54558
147841
28972
NA
NA
79925
23013
80208
6687
NA
474343
6692
6693
9806
339745
161742
200734
503542
6698
6704
NA
84926
90864
92369
6708
6709
6710
6711
10558
8878
10011
6720
6721
153443
23380
6730
NA
63826
NA
NA
6760
6744
8636
6768
NA
6482
6484
8869
6480
64940
10809
10948
56910
6772
6774
6776
6777
8987
57620
10963
8859
8428
6788
282974
11329
83931
50861
2040
85439
NA
92335
11171
NA
6801
3703
8677
53407
6804
9482
6813
252983
134957
8803
NA
NA
10910
27284
25870
7341
6612
NA
6821
11198
6827
6829
6830
6835
6838
203328
79723
NA
NA
6850
6853
23345
NA
9144
23546
6856
57586
83849
83851
51760
127833
84958
94120
94121
84447
NA
NA
6867
NA
6881
9015
9013
6873
51616
117289
8407
6886
6888
26115
9344
51347
6890
55080
202018
6895
50839
259291
55617
6901
26000
57533
25771
57465
NA
NA
9779
54885
1155
55171
6904
NA
90665
84897
9238
6899
6909
NA
NA
6920
85012
10915
6938
6941
22980
6929
6932
10312
27004
6947
202500
6991
55775
NA
7006
NA
NA
7014
26136
7016
200424
56156
113419
7023
64216
7024
7942
24144
7035
29844
7037
7040
7045
7048
7049
9392
7051
7053
10618
57215
117145
NA
57187
84321
7067
9967
79178
80745
7070
29087
92610
NA
220359
84948
91937
26519
NA
29928
10431
NA
1678
7077
7078
26277
25976
114609
93643
7084
NA
7089
7091
9874
11011
81793
7100
51284
54106
9375
64114
147138
57458
54499
255104
10972
222068
23671
284114
89894
84216
83862
80757
55654
80194
65084
51524
55281
85014
10430
81853
NA
57146
54958
153396
153339
56900
92691
340061
84286
55365
28959
80775
374395
129787
130827
202915
55751
84548
25880
55266
84222
728229
147007
114801
79652
374882
84928
84065
NA
NA
NA
NA
NA
84866
NA
NA
NA
NA
55151
93109
10329
23585
757
199964
9725
55362
157378
388730
25963
84910
252839
55217
29767
29766
11013
9087
160335
160418
83590
79089
NA
NA
7124
7127
7130
126282
51330
7133
8771
7292
944
10188
8658
3842
27327
23112
57690
10140
10766
NA
NA
10043
387990
56993
10953
7155
8940
64222
NA
84969
7157
9537
90313
58476
112858
27296
8626
NA
53373
7165
7167
27010
7168
7170
1200
51673
7175
285386
NA
NA
25823
8459
7178
22974
NA
7186
NA
7188
10906
10131
NA
51693
79090
83696
1787
79865
55809
6981
28951
81559
89870
6737
5987
10155
23087
89122
54765
85363
81844
201292
55128
81603
11078
9320
7205
55621
NA
NA
55039
NA
51605
55006
NA
7220
140803
51393
NA
9819
1831
7251
10194
81619
26526
90139
7106
7105
64061
NA
7263
NA
54970
158248
55761
54902
79989
55622
150737
22996
125488
91875
145567
NA
23170
26140
9654
7273
83869
7846
10376
84790
7277
51807
NA
NA
10844
10426
27229
114791
85378
55000
286319
11334
64852
11344
221830
NA
7294
200081
7295
51061
51060
79770
57544
81567
10628
10907
10587
7297
7305
NA
7307
199746
11338
NA
6675
7317
10054
7311
7318
53347
7316
7320
11065
7321
7322
7323
7325
7326
7327
51465
118424
9246
7334
389898
54926
65264
7337
29914
8266
134510
22888
197131
80019
92181
7343
51035
91544
165324
51377
51506
51569
55325
7357
7358
7360
115426
25989
7369
7372
9094
10497
55898
25972
81622
7378
NA
NA
NA
81605
7391
8237
8975
9097
9958
10869
23326
29761
57646
84749
NA
84101
25862
158880
9098
10208
9724
27340
2837
55697
9341
8674
8673
7407
7409
1462
7414
7415
7416
7419
7421
389136
9686
50853
7431
NA
NA
400673
157680
64601
84313
112936
65082
26276
55737
51028
137492
23339
27072
6293
55275
6944
23355
7443
340547
11326
64856
7453
7454
10163
NA
NA
51729
NA
57590
115825
11169
9948
55759
64743
57728
84219
253769
55339
89891
134430
10785
11091
11180
55112
80349
54663
79084
79819
NA
80335
116143
23038
280664
10406
140686
7466
7456
147179
80326
7480
7475
7484
NA
NA
7486
56897
80014
11060
56949
7494
6846
286046
55113
7507
7508
7511
64328
57510
23214
11260
7520
2547
22803
64132
NA
8565
51067
4904
150223
10897
90522
81555
10652
56252
79693
51441
10971
7534
7528
7535
9189
84327
9889
58486
NA
7704
7709
9841
7597
253461
23099
9925
9877
79882
56829
170261
23174
644353
219654
85364
79670
253832
55146
55625
60685
NA
7763
85446
7539
55734
284406
80829
51663
9765
84936
79038
57732
84619
23051
284307
80317
23660
55954
57178
9203
84217
7556
NA
7678
7691
7693
7711
7564
7727
7566
7739
7748
7549
7753
7755
10520
7988
NA
51222
7766
7571
10780
8187
7572
57209
58500
113835
10781
92822
8427
NA
57335
57336
7551
NA
55900
24149
25799
79673
27309
55422
26152
23567
7584
6940
195828
84911
163087
84124
252884
342908
55628
79797
57862
84330
55659
26036
92283
83744
57474
26048
115560
440515
84450
57473
9849
116115
84527
147837
147929
148266
126295
51276
79177
84765
163033
51157
147948
201514
199704
92285
51385
146434
90850
148103
284370
114991
9831
199692
89887
121274
84146
79027
79759
79862
79894
127396
115509
51058
90874
7553
51123
349075
7625
7626
7629
58492
51333
374928
285971
27153
155060
136051
7633
126375
7554
168850
55778
283933
54753
54680
84937
223082
7784
NA
9406
65982
NA
79149
90204
55055
7789
79364
23140
26009
