150000
9429
NA
286
122416
358
665
54058
152940
8814
493856
134147
23418
1510
10294
55466
NA
8444
1870
2035
81889
54855
26268
2235
2274
51024
2281
201163
4303
NA
51218
2935
55766
3045
3047
51564
253012
8969
3145
10644
81689
NA
25959
23276
3848
3958
441455
9645
84953
23608
4354
124540
4784
4815
4953
344838
58488
5138
11284
84932
25996
NA
6005
6006
8482
10169
143686
51312
NA
54498
6622
402055
55437
NA
128637
54997
7052
7145
66008
10107
25893
55815
10098
11334
7311
140739
80700
10490
220001
4904
NA
55249
