60496
23461
23456
5826
55347
NA
63874
NA
NA
84129
37
39
64746
65057
8309
71
NA
10121
NA
4185
115
120
128
79602
23394
84890
11047
159
NA
116987
NA
23382
199
50808
NA
11215
211
8854
219
79087
NA
121642
272
278
NA
29945
90806
54882
23253
81573
200539
57730
NA
NA
353322
338699
157567
57182
57719
305
NA
8905
23431
11154
9546
323
51107
51074
81575
367
375
10565
27236
55082
94134
93663
57584
395
196528
10425
339231
23568
403
10550
25852
51566
57561
421
79754
140461
25842
57168
83858
11101
1386
1388
23192
9474
475
481
514
521
522
539
50617
540
148229
79895
4287
79369
338707
25825
571
9529
NA
79738
129880
56987
587
56647
593
594
596
9275
9774
NA
55814
10282
51272
80114
55909
330
57448
112401
NA
NA
649
NA
NA
NA
388962
NA
NA
NA
672
23774
676
9044
10950
11120
701
79096
28970
10944
NA
80262
126526
56913
79630
148304
717
NA
205327
56951
55322
64771
387263
401466
138241
27101
23066
828
440068
64170
23589
22794
840
NA
NA
84869
220869
10951
11335
153733
160857
NA
55246
91057
29080
79780
NA
55704
54520
54535
6368
890
595
894
899
902
54619
57018
NA
NA
1235
908
643253
933
939
11314
947
10849
969
81602
168448
51362
999
NA
1025
51265
1027
81620
124359
NA
9620
1059
NA
1063
64105
153241
9662
80184
NA
9857
NA
NA
NA
10428
3075
79145
53344
128866
51510
26973
54108
1138
91612
152302
55847
1154
25792
26586
1163
23332
64581
160365
25999
79745
1198
57396
54982
2055
1212
8218
NA
152100
NA
51727
116173
1259
NA
26504
4848
57472
NA
NA
22796
57511
1292
51397
54951
1315
26958
9318
79585
1353
285521
NA
1329
1337
1345
1347
1349
1350
NA
27297
9419
NA
56253
1407
NA
1457
1475
51496
1499
56998
1506
1508
1520
79004
8453
8065
51503
57703
NA
2920
2921
NA
79742
NA
124936
54205
29785
26528
10926
1622
55861
NA
1633
10540
23142
79016
8886
57062
9879
79009
11056
7913
163486
55667
9681
51071
160851
NA
9704
1660
22894
1738
1657
23312
NA
NA
3301
54788
11080
54431
131118
134218
79962
120526
23234
144132
30836
139818
57171
29980
23333
286148
84661
NA
79980
11034
25778
56986
196403
1841
1844
1854
1857
6990
1859
NA
1877
55840
11319
55862
128178
NA
NA
151651
1947
1958
126272
3646
8667
1977
1983
9669
NA
2004
22936
63916
255520
84173
55140
NA
NA
NA
2010
27436
2021
NA
2029
57089
9852
2060
157697
57471
NA
114799
51575
2100
54465
2117
2119
55763
2146
2149
158584
2171
3992
54491
159091
131408
257415
202134
83989
400451
NA
NA
NA
56975
NA
NA
NA
NA
143684
151354
157638
NA
2177
57697
2194
22868
60493
2203
80028
84085
254170
54455
23291
55294
2210
2220
10116
9637
NA
2273
2287
2324
114984
154791
54874
23360
2339
NA
8790
79187
53940
24140
8880
8939
2528
2529
NA
8321
51343
126626
2581
2591
51809
2592
NA
2617
60674
2622
57798
54815
2628
2635
9648
2730
2653
NA
50628
79833
23062
79017
2686
27069
NA
54826
54810
10804
256356
80318
2734
NA
51031
10539
2744
132158
NA
2775
2778
10020
2794
26354
64841
2801
2803
NA
NA
23015
NA
100132565
55204
NA
2805
65056
221914
2824
51184
56834
4935
2843
8477
63940
134266
NA
2934
2958
2963
NA
85865
2990
NA
NA
352961
51020
55027
25938
54497
NA
NA
8916
26091
55008
3280
10614
3090
3091
25994
3008
8353
8354
NA
NA
NA
NA
3146
3150
NA
3176
10949
NA
220988
343069
NA
3187
3190
10236
84525
3198
3213
NA
3251
84343
89781
9394
3292
51144
80270
3297
3320
NA
3313
3336
10808
10525
NA
22858
23463
3445
3455
55081
80173
10642
3490
3500
64375
3586
3603
84818
3606
3553
3556
3559
3565
286676
55364
8552
54556
51147
84289
54617
57508
3652
9657
134728
51135
10265
122961
81875
3682
3685
3689
23421
9445
81618
162073
10625
NA
256949
NA
3749
83892
65987
23510
51133
11014
NA
NA
NA
23392
643314
222223
57691
56992
10112
3796
9371
NA
147700
89953
51621
10365
89857
3823
51348
NA
NA
51315
889
3858
200634
3895
114294
51574
3927
143903
84458
254251
11155
116842
3953
10184
10859
10288
55679
NA
NA
NA
NA
NA
NA
3988
3991
84298
84823
222484
100190986
NA
NA
NA
NA
NA
NA
NA
NA
NA
NA
344967
388242
389705
NA
4017
80350
NA
91355
7804
55631
255252
65999
85444
26065
149986
27258
11157
8425
51631
NA
259215
4065
137797
27076
90624
NA
116068
1130
84445
79917
84061
10905
63905
11183
5595
5597
4141
9782
8930
4154
54799
4171
NA
84515
254394
55784
9440
80306
9443
4208
4210
NA
NA
25840
4242
NA
23269
4247
157247
117153
NA
57708
NA
NA
NA
129531
57496
4331
NA
27304
NA
54737
NA
NA
51023
51116
28957
92399
2206
64231
10943
NA
NA
4520
22823
92170
441024
4524
4528
10903
9617
4582
4594
4595
26292
55892
80179
4641
NA
9683
55728
23138
NA
4664
83955
112939
8883
162417
4673
NA
23218
728912
284565
22916
9437
80762
4694
4696
4697
4698
4700
4701
91942
NA
NA
NA
4710
4712
4718
4731
23327
4750
10783
NA
NA
10276
NA
10725
4776
4779
4780
9603
4795
4799
25934
51068
4830
26155
NA
64318
79050
NA
261734
55666
4869
4882
7376
2908
8204
4901
123904
NA
286053
NA
NA
134492
NA
11163
57122
23511
8021
129401
348995
10762
NA
8473
NA
25903
8383
401428
220064
NA
NA
NA
5028
55824
10605
55003
NA
167153
56903
124222
85315
5073
57097
29780
NA
7849
84105
56122
56112
84759
84333
NA
5108
5110
57092
5046
11333
11235
27250
9141
NA
5082
5143
5155
149420
5166
9260
23244
53918
5195
NA
5203
NA
5223
NA
5229
5238
283871
51808
55274
51230
23187
57157
5266
10464
5277
9487
5289
8503
NA
5338
59338
84725
79666
79990
NA
NA
5366
57804
84271
5429
11201
NA
51371
10585
5451
5460
NA
79717
9360
NA
152926
151742
4659
4660
5504
89801
55012
NA
NA
9374
23398
80148
NA
9581
4007
145270
5565
51422
5575
NA
55119
55660
NA
5684
5706
5716
5710
5725
NA
145482
8073
26469
5771
25930
5805
754
9698
NA
5829
5834
NA
5860
9444
54870
NA
8766
9364
NA
5864
5867
NA
9910
285282
5879
5885
5893
5896
5903
8498
5908
51735
5925
NA
5932
54033
389677
29890
64062
9584
5936
55285
27316
54542
1827
55213
91433
9986
55758
157506
5962
221035
5966
79785
5980
55312
23180
400966
79651
58480
60561
55781
6019
NA
NA
NA
55298
6047
6048
51136
8731
6093
79657
6135
6136
NA
6139
6144
NA
9349
NA
6152
51121
6160
6164
6165
6173
6167
6129
6176
11102
NA
NA
6208
6210
6227
6228
6229
6233
51065
NA
6189
27330
6201
NA
6202
113000
6241
NA
861
8607
51389
25950
NA
6280
26278
25939
51128
NA
NA
NA
51282
NA
949
51097
23256
132320
60592
55681
55153
NA
NA
23478
10484
11196
10802
10427
25956
7095
81929
NA
NA
64218
205564
26054
57337
NA
NA
26135
347735
27230
5272
871
9792
6418
23450
6441
6449
54557
4068
6455
57630
6470
NA
NA
NA
23309
NA
23094
23410
NA
57606
4891
6561
9120
10560
6509
9187
123041
8604
79751
29957
114789
339665
55630
85414
NA
6540
157724
11136
28232
200172
11039
NA
6595
8467
10051
23137
23049
NA
NA
6606
10285
55627
27293
9342
6617
10302
283596
NA
11017
6634
6635
6637
6641
29907
399979
NA
58533
29886
8651
10174
NA
NA
NA
83985
144108
6713
6721
NA
6722
NA
6728
6726
NA
NA
NA
NA
6741
6742
6746
29101
9705
10254
26228
80765
9263
NA
NA
27347
201595
NA
2054
6810
8417
6814
10923
10910
6799
474338
6613
10388
23224
23336
NA
6867
NA
8148
79101
6878
10629
6880
NA
55080
445347
83940
30851
83874
23232
125058
79735
23102
414059
11138
23061
6902
29110
79718
340543
NA
NA
10732
9623
6988
255758
NA
7013
55852
7029
23483
152815
55623
NA
7074
8914
10440
10245
92609
26521
51284
9777
11322
79022
79073
85013
92305
80008
153339
64418
8269
51259
124446
NA
NA
NA
NA
NA
55254
83604
NA
26022
126259
283471
8764
7293
8742
10318
8711
30000
NA
11257
7164
NA
7172
51002
22974
7185
7187
7188
22906
7109
NA
NA
51399
126003
340205
57761
10206
373
7706
7726
81786
7204
9325
NA
NA
NA
57570
7227
26995
7248
7249
116461
80705
NA
55720
NA
79573
7267
64427
9652
7268
283237
7270
79183
84617
NA
5756
57045
NA
84817
7329
9246
7336
89910
9354
5412
59286
84993
29978
23352
51366
55148
7352
10720
7364
10497
81622
64718
65109
NA
7388
NA
7389
10600
57602
57695
84640
55031
10813
84135
7404
7410
7417
7422
7434
203547
9559
51699
11311
7443
7444
NA
7454
NA
10885
55255
23160
54521
54554
84128
NA
7475
9589
51741
6375
7514
54464
NA
10138
10730
7531
7532
22890
27107
26137
9278
360023
29068
92999
339487
55854
23264
92092
23318
51538
29063
79670
84186
85437
55063
51201
51304
25921
60685
NA
162239
57677
678
286128
146198
7543
53349
11244
7586
83637
7750
9204
23613
163227
51427
7690
NA
7700
7711
90338
7728
7756
219749
9534
9422
10793
284349
162979
57343
57567
162967
284695
79673
7582
59348
140467
25946
147687
79088
7594
170959
90827
284443
170958
84436
79230
54811
374900
126231
84914
84622
169270
80095
80110
90441
199777
57232
27332
51193
65251
55279
79788
79759
79894
171392
339500
340252
91120
146542
163051
170960
92595
91661
285989
163049
388558
126017
NA
NA
91603
91664
NA
643641
168374
81931
90204
79699
