53947
81794
124930
NA
187
346
NA
388135
78995
124773
10882
25775
783
29775
846
148870
1030
146822
1046
NA
91851
1047
6900
NA
1674
27121
11144
165721
10278
2019
2147
2172
NA
283635
84691
2253
403150
3169
8326
9247
10052
NA
NA
3589
126306
27133
3769
144501
90070
NA
100147773
NA
NA
NA
NA
119180
4115
56955
118856
4544
143662
8735
4624
4626
NA
NA
NA
10361
4880
4883
4892
NA
NA
NA
64064
5080
54760
NA
22822
22874
56979
138046
NA
5957
353299
285671
NA
79966
6327
NA
221935
23541
266629
9037
147912
114571
151295
6543
6638
30837
NA
9901
27286
6757
112755
90019
6909
56849
7069
79816
7139
7141
89870
83863
84673
84203
57663
65268
7482
NA
140685
85446
