9625
18
1244
51099
10006
51
2181
2182
54812
199
80216
118932
8639
64411
27236
5926
NA
22901
89849
23200
523
10677
10678
374907
10018
604
2186
672
375341
51719
805
818
90693
283152
901
9936
10602
80254
338339
26253
6249
146225
22849
1378
9586
83716
51379
1415
55454
8450
51076
1523
2919
167227
1654
83479
8562
9993
25979
207063
57609
23312
9732
147991
51207
51143
80267
9086
157697
54536
149371
50848
158293
116496
NA
404636
157769
84188
355
222235
26224
81545
2212
121512
400512
401105
83786
10129
2548
2549
26130
2632
9815
144423
9535
2773
2790
NA
54762
2869
26959
3092
3148
51170
3309
3422
3475
3489
NA
NA
3606
3635
8826
3660
NA
NA
NA
84078
3784
NA
9856
57501
NA
57498
63971
3815
688
NA
3920
NA
3930
NA
NA
NA
NA
NA
NA
91694
4033
23639
9209
120892
6416
1432
NA
4082
154141
84804
4289
339287
4084
4608
26292
4644
55930
NA
NA
203245
4688
4709
NA
4802
4810
79716
81788
57532
NA
5005
9885
734
5013
5049
5110
5170
57162
55276
51105
10745
9867
151056
NA
10769
10957
79660
89801
5530
151987
160760
56980
5743
7803
5788
5799
NA
NA
9444
25797
10890
9545
51762
5879
5906
9693
5937
116362
221035
9185
117584
64326
5997
6016
7732
55819
152006
83853
6103
57096
9252
58528
51773
146923
6283
6279
6286
10484
59343
259230
55356
30061
10569
29887
9043
6689
5552
6732
10402
10274
NA
23216
NA
NA
23023
55260
25829
55754
9528
115650
7136
84629
10210
94241
7171
NA
55284
10277
23304
NA
137886
23190
NA
8408
26019
NA
84669
7375
NA
114990
NA
9525
143187
51322
23001
55062
7518
84272
10269
7752
27300
79818
374655
