55860
64853
10142
64400
228
51479
55608
164
9140
27032
10632
10159
9550
546
567
27113
642
84811
9689
122525
285237
79020
56260
8911
22900
84318
23582
8760
10523
29883
57175
23603
23406
NA
1452
10106
51076
9267
9802
55208
8562
10049
10311
151636
79180
84285
2000
NA
NA
63901
134145
199870
56929
143282
81608
80199
9908
2548
2677
2678
64395
2764
51292
10672
114814
57720
2931
2961
84264
8925
3184
NA
51478
7184
3309
3597
3622
3697
3709
55677
3759
130535
57614
83855
59349
NA
NA
9794
5601
NA
27430
84246
64863
NA
11320
10724
4277
NA
NA
10135
NA
NA
NA
80025
5147
23047
8864
5194
8396
85313
NA
5515
5516
NA
5573
58155
NA
22864
5861
23011
57403
5862
339122
4218
27342
10048
10180
57333
60626
55905
51444
6198
51773
23168
64766
79685
6303
55206
NA
6319
9554
NA
51246
23411
54407
25800
84138
79811
4087
4089
6611
6651
NA
NA
7341
10010
23435
6950
10618
55002
10959
51014
81853
440026
54968
56674
NA
26092
26146
81559
55223
7442
7259
10426
7307
9039
26019
23032
91833
29062
58525
388403
91746
253943
7533
NA
80149
54503
55628
