51146
22848
15
57505
89845
368
10060
225
64240
84945
10152
25
176
125981
134526
NA
348158
70
72
57180
79913
140625
91
NA
132612
161931
8038
8747
80332
8756
140766
9509
NA
57188
NA
113179
117
NA
NA
NA
NA
124
126
9370
NA
NA
155
2334
8540
375790
185
27245
122481
NA
1109
10840
8659
10195
91801
245
246
59344
248
57538
57679
259173
257
NA
268
57763
29123
253650
441430
147463
54851
56311
NA
314
316
322
325
200558
8862
333
337
348
89872
359
362
364
343
398
22899
27237
NA
NA
10865
84159
NA
379
NA
407
414
417
64801
136371
142689
51666
56676
55723
374569
83734
55102
285973
84913
479
482
492
495
10396
8455
6795
553
554
563
64343
8707
192134
2583
283358
8704
27077
10458
11177
586
440603
83875
389206
54831
274
79444
653
655
353500
9790
NA
NA
2972
84312
680
9024
118663
55727
11149
79591
56673
143501
160298
83638
NA
60314
146562
162083
NA
146853
146723
147685
84167
55765
55732
79098
149466
127703
714
114902
114905
401027
257407
NA
116328
375759
766
773
778
8913
8912
786
59284
253559
8618
93664
255022
808
91860
125972
815
NA
726
120329
844
NA
857
858
NA
NA
643866
150472
200014
NA
285025
NA
NA
137196
284001
83987
60492
257236
885
6361
10309
904
50489
51744
57124
941
991
9578
55561
NA
64866
1010
1013
1003
1005
NA
NA
NA
1026
30850
1044
634
56971
1048
NA
NA
NA
51286
55166
9859
NA
51148
NA
NA
55997
114336
NA
57530
NA
79094
84269
27159
NA
25884
1132
1136
1139
1141
1142
10164
64377
148113
1180
1185
1187
9071
9074
1366
9080
9575
64084
29097
10256
22866
246175
79935
8506
129684
23242
22837
1303
1277
57642
NA
85301
1284
1287
1288
1291
1297
NA
NA
51805
10699
10391
84701
51200
1360
1369
9362
27132
130749
126129
56265
119587
1381
NA
200407
1394
64109
51340
NA
1413
1417
1418
1435
1442
1446
53944
79848
128822
115908
NA
55917
404217
8450
50624
6376
6387
80231
159013
63932
55086
51706
79901
1584
1586
1591
1594
1553
1555
1572
113612
64816
10858
1581
9420
23002
1600
153090
80174
1628
NA
131566
1634
127579
54165
115265
8528
NA
503618
245936
140881
27147
10260
NA
54487
1609
1716
1718
1719
79154
10202
55526
81624
1733
1734
129563
85455
1737
1740
8788
127343
63947
79982
414061
548645
51277
285126
29947
8448
55816
9980
1800
1804
54878
1805
1815
1821
1826
84677
147409
667
405753
NA
1850
NA
9149
10148
NA
10085
NA
114327
80303
133584
23301
30846
26298
1981
114794
2006
83401
129080
11117
375704
55556
954
54749
NA
7957
2068
2081
90952
11082
9700
80712
2110
440695
2118
NA
115704
NA
NA
2134
2139
23017
399665
11170
144717
150368
9715
654412
NA
148753
283777
340069
220382
NA
NA
NA
NA
442444
9679
79850
83723
NA
NA
55120
2192
23194
201456
115290
55030
26269
89848
9873
54738
2245
55785
8823
9965
2247
26291
2263
53834
2267
2271
84929
63979
NA
8468
90024
55025
284124
645644
2317
2328
64122
NA
2350
8061
3170
3171
2297
2304
2301
2290
3607
2300
27086
80020
80144
448831
NA
10818
83856
65991
170384
2527
486
92579
2550
2551
2554
2566
64090
89792
79690
NA
NA
NA
NA
NA
8521
9518
220032
8328
2673
2676
79893
2691
2693
64599
64785
2695
126326
81025
2706
127534
57165
349149
2712
113263
NA
9340
2745
10681
2786
2797
54856
51206
10223
2819
170589
10243
338328
350383
151556
54328
11318
2848
2849
2853
2854
2863
11250
9248
9290
118442
8111
51704
55890
55507
57822
2895
2901
116444
6011
2915
NA
56169
NA
NA
2940
2948
79712
9569
341567
474381
9563
23498
3026
NA
NA
1404
404037
283254
3036
NA
26762
3046
1839
NA
NA
NA
220296
100128124
3083
84439
11147
23119
NA
NA
6596
54511
3157
57824
NA
3166
6927
3185
NA
10481
3219
3226
3227
3222
3236
3239
3232
3234
3249
55806
3270
3274
11255
158160
3299
3308
3316
3347
30811
3364
NA
3382
23308
91734
3456
57560
8100
3479
3481
3484
NA
NA
3605
112744
29949
26280
8808
90865
NA
3568
3569
3581
9118
64423
3623
3626
27124
3630
3645
27130
NA
84223
26145
79192
79190
22801
3674
3679
3699
80760
3718
58494
NA
126119
8629
23189
3744
NA
170850
93107
3756
90134
30819
3758
3762
56660
83795
89822
3777
8645
154881
54793
79070
NA
80759
10656
NA
84162
56243
57670
85449
57576
547
55083
11004
3798
3801
3814
64837
28999
23008
114792
257240
56062
NA
55554
9622
NA
3866
3882
8687
112802
51350
3856
3891
NA
NA
NA
NA
NA
NA
NA
NA
NA
NA
NA
NA
NA
388533
3911
3912
3918
10319
NA
9113
NA
26239
353143
353144
84648
199834
3933
286256
8861
3949
55891
NA
56891
3959
653499
203190
375323
54923
64130
NA
NA
NA
NA
NA
NA
NA
NA
NA
NA
NA
NA
NA
NA
NA
NA
NA
NA
NA
NA
NA
NA
NA
79748
92255
91289
NA
84708
100127955
100128239
NA
NA
NA
NA
NA
NA
NA
NA
NA
NA
NA
NA
NA
NA
NA
NA
NA
284600
NA
339260
400464
400684
NA
401127
NA
440173
554206
NA
654780
728613
79999
NA
79836
4015
64900
4025
9227
57622
53353
80313
NA
81543
10489
115353
4046
4049
206338
80740
129530
66004
147719
57226
145748
NA
23764
4111
4105
4113
4128
4129
4130
5609
4135
5600
225689
23542
23162
9261
4137
NA
57787
4143
8785
4158
4159
4161
4199
NA
9862
NA
4209
1954
150365
NA
4224
NA
NA
196410
84206
4237
8076
4240
162387
4245
79778
11043
166968
NA
55586
NA
NA
283078
2315
4298
10962
4302
4295
51085
4319
22915
79812
4336
55034
23041
27136
54456
4356
255027
56246
NA
NA
NA
NA
10573
359821
84311
64949
219995
64232
4440
10232
401827
4485
4486
4493
4498
4543
92154
94025
4585
4588
4593
54587
91663
151325
4606
NA
4625
58498
53904
4647
90634
10443
NA
NA
404635
4674
9027
51471
89797
4684
8440
54602
NA
4741
4752
140609
NA
4745
10763
81832
4759
58157
79570
NA
197358
338323
8382
NA
NA
4843
4846
388677
147111
4857
27035
10811
124056
NA
29881
64106
4867
7827
NA
4879
64111
NA
4888
8431
9971
9970
10002
NA
7026
3164
2494
8829
387338
NA
4917
22854
4914
4915
4916
4923
11165
254552
115861
84033
4952
NA
284451
146852
4969
94233
4985
4987
341276
283297
144124
442194
26539
126541
26476
128360
440153
81797
26184
254973
138882
81697
26212
7932
26707
285659
4995
81328
81309
256148
119764
23538
387748
338675
338674
26341
219464
8590
81448
390261
128372
390892
26659
26658
283159
219477
116039
23440
5015
5030
132430
5048
NA
5064
64282
64895
5069
164091
84875
160065
5075
5076
5078
5079
5081
59351
57526
NA
56133
56107
56104
56097
NA
51585
7703
5105
5130
5833
5132
10611
23037
57595
5207
5208
267004
5225
114771
23612
493911
5264
254295
55361
NA
10401
NA
5283
23556
9091
5288
79837
51268
5309
NA
114780
NA
5313
9088
5318
84647
26279
10761
NA
9651
NA
79156
153478
9842
51090
NA
5360
55558
NA
83449
5408
114824
NA
56902
150379
375775
5420
23275
51082
5430
NA
5444
64208
64840
25833
642559
NA
56342
NA
NA
10465
57460
333926
54866
5502
5522
5523
5535
54896
118471
5545
9055
768206
63977
153768
5568
5582
5587
NA
51052
5619
54496
56341
58510
9129
5630
NA
5638
79057
80863
5644
5645
10942
5646
260429
NA
5652
442862
5669
5680
5670
85481
5692
5700
5714
170680
5727
8643
171558
5734
5737
5738
5745
5747
5754
84867
5789
5800
10076
5803
5817
222659
5697
84074
140902
84440
NA
116442
117177
23637
5881
29127
10635
NA
135250
10743
NA
10411
5916
NA
23551
153020
255426
5924
51285
5930
221662
27303
11317
50700
201299
65055
7905
5968
83998
5972
85004
84666
51455
56963
5995
6002
84236
64285
54933
51458
121268
114822
23504
57494
140730
6035
8153
390
NA
138065
200312
80352
64221
4920
79871
6134
116832
6185
6196
83694
NA
NA
146760
349667
132112
NA
112611
339403
6257
140576
9294
55511
90378
148398
344658
NA
NA
NA
113178
51435
29970
6328
55800
6338
83482
6343
6382
NA
NA
23480
57715
51156
256394
145264
327657
5055
6317
5269
5054
647174
5176
5345
124925
26470
2810
389376
653509
6440
118980
6443
NA
129049
284948
6452
6457
285590
NA
6474
150094
6492
23408
6496
6559
8170
6564
220963
NA
6580
387775
51310
5002
283238
9356
25769
9016
115286
91137
NA
1811
9153
3177
55315
66035
56606
7781
6569
84912
55343
206358
2542
10991
23516
29986
283375
51151
113235
55244
NA
6523
6524
6528
388662
348932
6530
6534
6545
8140
6547
6553
NA
28234
6578
81796
NA
6586
139065
57152
4093
4184
140775
NA
64093
6591
9892
NA
84973
64089
6649
NA
NA
6664
6666
6657
11166
6658
11063
6660
83595
221833
171169
NA
6676
132671
9825
64847
84690
NA
130560
NA
132851
NA
221409
9789
60559
6690
124976
23626
6694
503542
6699
6703
6707
80176
57731
10558
NA
6714
8406
63826
NA
6745
NA
6751
6752
6755
NA
6487
8869
54879
29906
55576
64940
83930
6779
140901
6789
3925
NA
56977
NA
29091
51684
6822
25830
56241
9900
9899
NA
85360
81493
10492
NA
148281
6862
9038
10579
6869
6870
NA
80835
50833
50831
NA
50832
259286
259289
54429
NA
55296
161514
353149
6908
347853
9095
NA
6916
NA
256536
6943
6949
NA
6996
56165
7008
NA
146279
NA
NA
56156
NA
NA
339488
7033
7036
7041
83591
79875
200765
81789
7079
27283
64129
27134
NA
83660
4071
53345
117532
9911
127391
145942
84314
66000
128218
114795
28978
256472
132332
134285
388021
201931
130612
NA
54867
NA
NA
NA
219623
161291
90407
79639
25789
199964
NA
84283
144110
339168
NA
29765
28983
56649
8792
9966
8744
7135
7137
7140
7142
NA
27433
24150
7161
348825
NA
NA
29896
NA
1787
11219
6978
7201
23650
4591
287015
NA
55128
115708
10024
6738
80036
29850
55503
142940
NA
25987
10103
83882
23554
81629
79809
150737
23548
NA
284076
83867
60439
114791
NA
51271
NA
7319
100131816
9690
50613
197131
114131
54576
7366
54490
133688
7368
29128
54887
89766
201294
90249
8633
11045
151531
81605
10083
29761
64854
9101
81839
22846
79805
7425
245806
NA
155382
27072
128434
NA
7448
200403
7465
NA
128488
10406
90199
259240
NA
NA
65125
7481
7484
7490
NA
389610
7512
9213
219539
NA
201501
131540
29801
85416
23619
NA
64393
7559
7697
7701
7712
169841
7730
10168
7767
7576
NA
84449
117608
149076
84911
84307
147686
NA
126070
55663
26036
84838
84874
84503
348327
339327
90233
84527
64763
147949
199704
90317
401509
79862
93474
65988
7627
54989
NA
146540
7579
342945
NA
