1
NA
29974
2
53947
51146
13
344752
51166
NA
22848
NA
14
15
NA
57505
132949
60496
26574
9625
18
19
26154
154664
20
21
24
23461
23460
10347
10351
10350
5243
23456
22
23457
89845
85320
150000
1244
10057
368
10060
215
225
5825
5826
6059
23
10061
9619
9429
64137
64240
55347
26090
84945
NA
NA
NA
11057
171586
63874
51099
79575
10006
10152
51225
25
27
3983
84448
NA
NA
80325
30
31
32
80724
84129
27034
35
36
37
176
9744
23527
116983
39
64746
79777
91452
84680
65057
1636
59272
125981
55331
43
22985
NA
641371
134526
10965
11332
10005
23597
51
8309
55289
52
53
NA
51205
55
84519
56
23205
80221
197322
2180
2181
2182
116285
123876
348158
6296
54988
55902
NA
60
345651
70
71
NA
72
86
87
89
81
55860
10121
10097
10096
57180
NA
79913
93973
139741
140625
91
130399
92
93
94
98
100
NA
132612
161931
161823
4185
8038
8751
8749
2515
8748
8747
53616
8745
10863
80332
NA
8755
8756
101
8754
27299
9510
81794
81792
11093
140766
170689
170690
9509
80070
9508
9507
11096
11174
11173
56999
NA
92949
9719
57188
54507
339366
11033
103
104
NA
134637
113179
107
55811
196883
111
112
115
117
118
119
120
NA
NA
NA
NA
NA
NA
NA
NA
NA
NA
NA
NA
NA
NA
NA
NA
NA
NA
NA
NA
NA
124
126
128
131
55256
149685
9370
79602
133
NA
23394
NA
22850
84890
NA
136
140
83440
141
113622
54936
148
147
151
152
154
155
11047
158
159
122622
NA
165
121536
166
60312
NA
134265
4299
2334
3899
27125
NA
NA
10939
173
54812
116987
116988
NA
NA
79841
340351
84871
60509
177
3267
3268
55109
55750
79814
NA
NA
NA
10555
56894
NA
55326
8540
155465
375790
183
23287
185
186
57085
189
25909
191
10768
23382
27245
79026
113146
57491
10598
57379
64853
199
83543
84883
150209
9049
23746
55966
203
50808
26289
NA
122481
NA
11216
11215
9590
11214
11217
9495
9465
10270
26993
10142
80709
NA
10327
1645
8644
1109
6718
8574
246181
207
10000
64400
210
211
212
213
126133
5832
216
8854
220
219
10840
NA
217
222
8659
4329
501
64577
228
56052
144245
79087
79868
199857
NA
10195
29929
79053
79796
8846
121642
54890
84266
91801
55821
245
246
241
59344
248
80216
115701
57538
249
251
57679
259173
257
NA
55626
262
51005
NA
NA
NA
267
268
269
347902
9949
81693
270
272
273
275
278
155185
NA
64682
10393
51529
NA
NA
29882
29945
51433
51434
90806
284
285
9068
NA
286
288
150709
348094
NA
162282
51479
56172
54882
126549
51281
57037
57763
55608
NA
29123
23253
124930
81573
54522
26057
253650
NA
NA
26287
NA
441430
118932
200539
22852
84079
147463
284615
340120
57730
NA
NA
353322
51239
91369
338699
157567
54851
57182
79998
79722
22881
NA
56311
122416
23294
124401
257629
203286
55139
54443
55107
57101
63982
121601
196527
57719
338440
NA
8125
NA
10541
23520
81611
290
84168
118429
311
302
305
NA
307
309
NA
313
314
8639
NA
316
NA
162
164
1174
8905
130340
161
163
1173
8546
8943
26985
1176
10239
23431
9179
11154
NA
NA
321
9546
322
323
10307
324
10297
147495
164284
325
327
328
51107
83464
8539
51074
200558
8862
187
333
334
NA
335
337
338
339
9582
27350
200316
60489
341
346
347
348
319
350
8542
23780
80833
80830
81575
55937
NA
351
26060
55198
NA
358
89872
375318
359
362
363
364
343
366
9716
367
64411
23237
372
375
377
378
381
84364
10565
NA
27236
10139
384
55082
392
79658
9824
94134
55843
55114
93663
84986
57569
57584
83478
9938
23092
201176
NA
79822
9411
257106
NA
NA
NA
NA
NA
393
395
398
9138
9639
23365
22899
27237
9828
128272
9181
NA
NA
NA
50650
NA
50649
NA
7984
9459
8874
8289
196528
5926
10865
84159
25820
10425
NA
400
285598
115761
NA
339231
NA
NA
23568
403
10124
379
26225
221079
84100
23204
51329
10550
127829
NA
79798
79637
25852
80210
51309
9823
51566
54470
NA
9915
56938
10552
10109
10093
NA
10092
NA
NA
407
408
92714
27106
57561
411
414
22901
340075
153642
417
420
64801
421
427
56624
50807
NA
8853
51665
136371
140456
142689
79754
92591
NA
51666
140458
140460
140461
140462
10973
430
56676
25842
55723
433
55870
NA
438
8623
NA
54529
443
374569
444
57168
259266
80150
445
460
23245
171023
80816
84896
29028
83858
NA
85300
11101
1386
467
468
22926
1388
11016
55729
80063
83734
9140
NA
NA
89849
55102
23192
84938
9474
285973
471
51062
64225
25923
472
1822
474
220202
84913
475
57194
23200
286410
479
57130
23400
84239
476
NA
478
481
482
23439
NA
487
488
491
492
493
27032
495
513
514
517
521
522
9551
10632
539
537
NA
10159
23545
50617
533
527
9114
245972
8992
NA
523
525
528
245973
529
90423
9296
9550
534
540
10396
5205
57198
148229
79895
10079
64756
91647
545
84126
8455
26033
546
25814
6311
11273
4287
6314
222255
127002
NA
550
54998
9212
6795
10677
23080
552
553
554
NA
NA
8313
563
64343
51582
NA
566
567
148789
8707
8705
10317
NA
27087
26229
10678
10331
79369
84002
192134
374907
84752
2583
124872
283358
338707
2683
8704
8702
9334
9331
NA
27077
80776
79870
570
NA
25825
571
60468
9532
9531
9529
574
57597
10458
55971
80115
8938
25805
140836
55024
54971
8314
580
8538
10409
NA
10538
116071
581
11177
9031
29994
27113
NA
8424
79738
583
129880
55212
27241
56987
4059
10134
54828
55653
586
587
56647
144233
590
593
594
53335
64919
596
597
598
10017
10018
23786
79370
440603
602
604
255877
605
9275
9274
607
9774
NA
83875
54880
63035
613
NA
56898
623
624
627
55814
8678
139105
389206
7439
54831
144453
10282
51272
55859
NA
56271
340542
631
8419
NA
632
168620
27319
23743
80114
636
NA
274
51411
55909
330
332
57448
79444
112401
NA
10904
414899
640
641
642
29760
NA
NA
NA
644
645
90427
648
649
650
55589
651
653
655
353500
656
657
9790
NA
NA
NA
660
662
664
665
91653
NA
NA
666
51027
NA
654483
388962
NA
66037
NA
NA
NA
671
NA
NA
NA
NA
NA
2186
442867
673
NA
672
675
79184
23774
8019
NA
23476
23629
10902
676
2972
55290
NA
NA
83990
NA
NA
25855
84312
27154
680
9024
54014
254065
682
8927
7809
684
9044
84280
118663
NA
NA
22903
90135
55727
114781
685
689
694
7832
10950
54766
695
11120
10385
11119
11118
56244
79908
153579
701
9184
84811
NA
11149
NA
9689
28969
283080
256815
79591
118611
79946
56673
29125
53838
143501
160298
79096
28970
10944
160140
83638
NA
119710
79703
144097
254439
399947
399949
60314
91298
283461
374470
79794
121273
728568
NA
NA
55017
56967
283579
9556
122525
56905
123207
84529
644809
388135
89927
283897
64755
57020
80262
146562
404550
162083
388284
146556
NA
NA
388327
284083
124944
146853
339263
78995
124773
64149
146723
284099
55028
147276
83608
147339
162681
83636
147685
148223
84167
126526
84798
28974
55337
10438
56913
55765
54955
55732
79762
79098
127687
54987
148345
128061
54991
128346
284498
84886
149466
127703
NA
79169
25912
79078
79630
148304
712
713
714
10882
NA
114898
114899
114902
114905
338872
715
717
128653
NA
25943
149840
284756
NA
55969
128602
8209
54058
56683
54149
150248
25775
128977
25966
9854
26005
NA
NA
NA
150590
NA
84417
54980
401027
388969
205327
257407
NA
NA
285315
339883
80111
285237
132200
79669
205428
375341
285382
NA
721
722
725
55286
401152
132989
152940
56951
439936
55322
134553
153571
65250
NA
NA
NA
NA
NA
NA
729
10665
64771
387263
221545
135398
51250
221416
NA
50854
347744
352999
81688
221477
129790
79020
55262
84310
NA
65265
116328
157657
56260
401466
84933
NA
138255
NA
84688
84909
55071
257169
286223
375759
138240
84267
203228
138241
56934
771
377677
760
762
763
11238
NA
765
766
767
NA
51719
81617
NA
81928
26256
773
774
777
778
8913
8912
8911
55799
93589
782
783
784
785
786
10369
59285
59284
59283
NA
27101
790
253559
8618
93664
57658
799
10203
800
255022
NA
805
808
810
91860
51806
163688
83698
811
125972
813
57118
57172
815
817
818
55450
814
84254
10645
820
157922
NA
NA
23261
23125
55832
23066
124583
821
10487
823
11132
11131
147968
92291
NA
824
726
826
4076
65981
828
84698
829
832
29775
84433
114769
440068
NA
22900
64170
23589
NA
79587
9607
55259
NA
NA
255082
22794
113201
64921
57524
57513
120329
836
839
840
841
842
844
846
831
54897
79820
NA
NA
857
858
859
NA
NA
NA
NA
9139
863
865
867
868
869
147381
643866
140689
873
874
84869
875
150472
220869
644019
10951
11335
23468
23466
23492
57332
25776
54862
200014
57545
387707
NA
NA
79839
126402
203260
153733
29070
84317
150275
90060
79635
160857
202243
90693
152206
151278
285025
84865
9720
NA
NA
91050
284992
115948
283152
NA
NA
149483
NA
NA
NA
NA
NA
NA
NA
NA
NA
NA
NA
28952
149473
55246
137196
148870
79140
83643
NA
NA
91057
339834
NA
124808
152137
84692
284001
29080
85478
80323
26112
221016
83446
64925
NA
91409
84318
124093
83987
151887
79780
220047
NA
55704
283234
220388
26093
60492
80212
54520
55702
257236
90324
NA
54535
885
887
6356
6357
6361
6363
6347
6368
6369
10344
56477
6348
414062
6354
6355
83605
NA
8900
890
9133
892
595
894
896
23582
899
900
901
902
54619
8812
57018
81669
10309
NA
904
905
219771
NA
9236
1232
1233
1234
1235
1237
10803
9034
NA
NA
10575
908
643253
10694
NA
NA
135228
977
57126
909
910
911
912
913
914
131450
50489
30835
933
10666
51744
919
57124
939
940
10421
11314
10871
342510
100131439
146894
9936
947
948
952
10849
917
920
958
960
4179
962
1604
966
967
968
969
924
971
973
974
941
975
3732
8832
925
928
10225
83692
81602
8872
168448
991
166979
8697
993
994
997
11140
51362
998
8476
9578
55561
10602
56882
56990
NA
988
990
157313
83461
55038
113130
64866
200008
999
1010
1013
1014
1016
28513
1000
28316
64405
64072
64403
60437
1002
1003
1004
1005
1006
NA
NA
NA
NA
10423
NA
8558
NA
NA
NA
1017
8099
10263
1020
8851
80279
1021
1024
1025
54901
8814
8999
51265
1026
1027
1029
91368
1030
1036
50937
1039
30850
146822
284040
1040
8760
81620
55573
1044
1045
1046
9426
124359
634
56971
90273
1089
1048
4680
1050
1051
1053
1054
NA
NA
NA
NA
NA
NA
NA
NA
NA
9620
1952
1951
NA
51286
1059
NA
NA
NA
1062
1063
2491
55835
64105
91687
55839
79172
401541
55166
80152
201161
NA
NA
NA
153241
NA
NA
9662
22995
NA
22897
9859
11190
80184
NA
9857
NA
NA
55165
9702
NA
80254
23177
80321
55722
NA
NA
79598
51148
NA
NA
NA
1066
23491
1068
NA
NA
NA
NA
NA
NA
NA
NA
NA
NA
NA
NA
NA
629
55997
10428
3075
3078
10878
81494
1072
NA
8837
5199
1080
1081
114336
NA
8545
57530
84952
10669
10668
NA
9023
79094
1101
8208
NA
1103
118487
51142
54927
131474
84269
79145
1105
1106
26038
55636
80205
1111
10523
55743
1116
27159
NA
53344
26511
66005
1119
NA
1121
57132
27243
NA
29082
128866
51510
1123
26973
NA
79586
NA
54108
8646
91851
25884
1129
1131
1132
1134
57053
1136
1137
1138
1139
1140
1141
1142
1143
50515
166012
113189
9469
10164
4166
56548
64377
63922
NA
91612
9391
10519
27141
63924
152302
4261
148113
51550
NA
NA
1153
55847
493856
1154
10370
25792
26586
150468
9793
51192
1158
548596
1159
NA
1163
23332
23122
NA
NA
1178
1179
9635
1180
1181
1182
1185
1186
1187
9071
5010
9069
23562
51208
149461
53842
137075
1365
9074
1366
9073
9080
56650
125875
10462
160364
161198
23274
NA
51267
29121
170482
338339
26253
339390
10332
64581
160365
1047
NA
1192
9022
25932
53405
9685
6249
7461
25999
79745
1195
1198
57396
79789
NA
1201
1203
54982
2055
1207
9575
10978
81570
1209
81037
7401
63967
64084
9746
1211
1212
1213
8218
23059
NA
171425
1215
NA
134147
152100
NA
80790
1240
51727
NA
113540
146225
123920
146223
116173
112616
NA
NA
168975
7555
84735
55748
NA
1259
1261
1258
NA
29097
10256
22866
154043
NA
1264
1265
26507
54805
26504
23019
4848
4849
4850
57472
246175
29883
9337
NA
1267
NA
10330
10695
245812
1268
124817
79935
54875
1272
6900
5067
152330
53942
8506
26047
79937
NA
85445
129684
NA
NA
NA
NA
NA
80347
23242
22837
1690
22796
83548
25839
57511
84342
1300
1301
1303
1305
7373
1306
1307
1308
1310
1277
1278
57642
169044
84570
NA
85301
1281
1282
1284
1285
1286
1287
1288
1289
1290
50509
1291
1292
1293
NA
1297
1298
NA
NA
150684
51397
51122
23412
54939
28991
54951
29099
1311
118881
1314
1315
9276
11316
26958
NA
9318
51138
10980
50813
64708
10920
NA
22818
93058
80219
27235
51805
51004
10229
10699
57175
23603
10391
79585
23406
1353
NA
1355
285521
NA
1327
84701
9377
1329
1337
1345
1346
1347
9167
1349
1350
1358
1359
51200
57094
1360
1362
132864
22849
80315
10814
594855
339302
1368
1369
221184
8895
131034
9362
27132
144402
130749
1371
NA
NA
1373
NA
10898
11052
1374
126129
1376
NA
56265
119587
1378
1381
NA
NA
8738
NA
23418
51185
27297
54544
90993
84699
148327
9586
1387
1389
NA
200407
79174
1390
1394
51232
1397
9419
167
83690
83716
1398
1399
9244
64109
51379
54675
1400
NA
51340
NA
55118
56253
10491
23373
200186
64784
1407
1408
1410
1413
1415
1417
NA
NA
1418
1419
1421
155051
1427
51084
9946
NA
27254
7812
1434
1435
1436
1437
1438
1439
1440
55790
55454
1442
1443
1444
1445
114784
1446
1447
1452
NA
1454
53944
1455
1457
1459
1460
1464
10675
79848
NA
80034
1466
8048
1469
140880
1471
1474
128822
1475
1477
NA
NA
NA
NA
246100
64693
NA
NA
NA
100128553
1487
NA
1488
1486
10664
140690
10106
10217
51496
1491
115908
NA
1495
1496
29119
1499
56998
1500
1501
1497
NA
9646
440387
1506
5476
1508
1075
1509
1510
1511
1512
1513
1520
1521
2017
55917
404217
NA
NA
79004
8454
8453
8452
8450
8065
9820
51596
NA
51076
1523
23316
50624
51503
57703
NA
NA
55280
NA
6376
1524
1525
2919
3627
6373
6387
10563
58191
2920
2921
6374
6372
NA
4283
NA
NA
2833
7852
643
80231
79742
159013
541578
63932
55086
254158
NA
51523
1534
NA
1528
124936
51706
1727
51167
1535
1536
79901
54205
26999
50626
1540
1584
1586
1588
1544
NA
57404
1591
56603
1594
1553
1549
1555
1557
1559
1571
1572
1573
120227
29785
113612
64816
1577
10858
1579
66002
8529
NA
163720
1595
1581
9420
10800
57105
NA
9267
9266
9265
27128
54360
NA
116159
728294
23002
23500
1600
153090
117154
51339
1603
199699
1610
NA
1611
7818
1612
1613
92196
57055
26528
9802
10926
80174
1622
1627
55861
1628
51163
1629
440097
NA
NA
NA
NA
NA
NA
NA
NA
NA
NA
NA
131566
1630
341019
51473
1633
9201
64421
1634
196513
167227
28960
127579
1638
1635
1639
NA
10540
11258
10671
79077
54165
55208
23142
51181
79016
23576
1642
1644
80821
23259
NA
115265
8528
780
65992
1652
1653
1662
1663
8886
11269
9416
57062
55794
64794
NA
NA
1654
54514
55510
9879
51202
79009
11056
79039
54606
23586
83479
1656
91351
10522
NA
1666
26063
9191
54849
1667
1669
NA
503618
503841
245928
117285
245936
81623
140881
NA
8560
7913
57706
163486
79958
27147
163259
79961
22898
10260
55667
160518
NA
8562
120863
9681
NA
51071
91319
1674
NA
NA
NA
1676
1677
84649
9993
26220
85359
54487
1606
1607
8526
160851
1609
1716
1718
1717
79947
1719
NA
79154
147015
10202
9249
25979
10170
207063
55526
54505
22907
56919
9704
60625
170506
57647
90957
1659
1660
81624
23405
11083
NA
NA
1733
1734
23181
57609
54769
9077
22894
129563
27185
85455
374387
22943
27123
27122
27121
27120
1737
10395
1738
9940
10301
220107
1739
1740
1741
9231
9229
NA
8788
1743
1746
1749
1750
NA
55929
127343
11144
1756
93099
1760
1761
58524
63948
63947
63946
9988
1657
23312
1763
NA
NA
127602
8632
55567
1768
56171
1769
27019
3301
10294
55466
3337
54788
79982
414061
11080
25822
10049
165721
4189
54431
55735
56521
23317
85406
29103
23341
55192
202052
131118
134218
79962
120526
548645
51277
5611
NA
3338
285126
9829
23234
83544
1773
1776
1777
58511
92737
144132
10059
NA
1785
26052
23268
29947
NA
1791
30836
8448
1793
55619
139818
1794
9732
57572
85440
81704
83475
1796
55715
55816
220164
57171
29980
9980
84444
1798
NA
135656
1800
64174
8193
5977
8110
1802
51611
NA
54344
57628
NA
10072
1803
1804
54878
91039
151871
55211
1805
23333
100129460
283417
349152
442523
147991
286148
84661
1806
1807
1809
56896
165545
NA
NA
10589
NA
NA
NA
1814
1815
1816
NA
4733
1821
1824
1825
1826
NA
79075
259234
10311
10281
84677
92126
1829
147409
79980
1832
1834
667
11034
25778
92675
NA
51514
1837
84062
56986
285605
1840
113878
196403
151636
1841
50506
405753
56931
11062
1843
8446
11266
51207
11072
150290
1844
54935
1845
1847
NA
1850
1852
1854
26582
NA
1856
1857
NA
NA
143241
84332
54808
NA
1778
1780
1781
51143
1783
79659
51626
140735
6990
1859
9149
8445
8444
8798
8291
NA
9666
1869
1870
1875
1876
1877
85403
55840
9166
1879
64641
253738
10148
NA
10969
84650
11319
1889
9718
9427
347694
1891
55862
79746
1892
NA
1893
NA
1894
128178
80153
NA
9695
55741
80267
8721
10085
1906
1907
1908
1910
NA
8411
8726
1915
NA
1936
NA
9521
1937
29904
NA
60678
80820
NA
84288
NA
30008
151651
114327
80258
80303
79180
NA
1946
1947
1949
10278
1950
133584
1956
54583
112398
1958
1960
23301
10938
30846
26298
1962
79813
10919
9538
23741
126272
493861
84285
1964
9086
27102
5610
1967
8894
8661
8662
8663
8664
3646
8665
8666
8667
8668
27335
51386
1973
1974
9775
1975
1977
1979
1981
8672
7458
1983
1984
9669
NA
55520
60528
1994
1993
1995
1996
1997
1998
1999
2000
2001
114794
2004
8178
22936
80237
9844
63916
55531
255520
84173
2006
NA
NA
64834
54898
83401
79071
NA
55250
55140
26610
NA
NA
NA
NA
NA
NA
NA
NA
NA
NA
51705
2010
146956
197342
10436
129080
11117
2009
24139
256364
27436
NA
2012
2014
NA
2018
196047
2019
2020
55740
10117
8507
2021
NA
NA
2022
375704
NA
NA
2023
2026
55556
10495
5168
22875
59084
133121
339221
2029
953
NA
954
957
955
57089
56943
NA
8320
2033
57634
2034
2035
2036
64097
54566
57669
80314
4072
54749
NA
255324
2041
284656
1969
2042
2043
2044
NA
285220
2045
2047
2048
2049
2053
NA
7957
9852
22905
2056
2057
2058
2060
2059
1833
26284
64167
2064
23085
26059
NA
2068
2071
NA
2069
2078
57222
51290
51614
2079
90459
112479
79033
157697
NA
NA
NA
NA
10613
11160
114625
NA
57471
79956
2081
10595
NA
NA
121506
10961
NA
54206
NA
NA
NA
NA
NA
90952
114799
51575
11082
9700
83715
2099
2100
NA
2101
NA
2103
NA
80712
NA
54465
2107
2108
2109
2110
23474
55500
55224
2113
2114
2115
2117
440695
2118
2119
2120
51513
NA
NA
2121
132884
2124
7813
115704
51466
2128
2130
NA
NA
9156
55763
11336
NA
NA
60412
10640
54536
23233
149371
51010
118460
23016
11340
23086
2131
2134
2135
2137
2139
2140
2146
7430
2159
50848
2162
2165
2147
2149
2151
9002
2152
2153
2155
2166
158584
NA
2170
2167
2171
2172
3992
3995
23197
81889
NA
23017
399665
83640
84923
90736
54491
11170
144717
150368
83541
90362
642273
NA
63901
NA
374393
150864
79607
23196
158293
54954
116224
159091
220108
79843
116496
64855
199786
131408
9715
286499
257415
57579
654412
NA
NA
NA
25854
202134
728215
57700
148753
NA
26049
283777
340069
165215
83989
134145
400451
283635
220382
NA
NA
NA
NA
NA
NA
NA
NA
NA
284467
151647
25817
NA
NA
NA
NA
NA
NA
54757
9917
56975
NA
NA
NA
NA
NA
NA
NA
NA
NA
NA
NA
NA
NA
NA
NA
NA
NA
NA
NA
NA
NA
NA
NA
29064
54537
60343
54097
10447
131177
284593
163933
404636
NA
54855
158724
442444
81553
51571
26240
9679
79850
83723
NA
153745
161142
112703
284418
84691
NA
199870
143684
145773
153643
222584
128876
81610
151354
157638
NA
NA
NA
375061
23625
157769
NA
NA
339145
NA
25940
171482
171483
171484
NA
2175
2177
2178
2188
2189
55215
55120
57697
92565
2191
84188
NA
2193
10056
355
356
2194
79675
22868
60493
2196
89885
2197
85302
2091
54751
2192
10516
129804
2201
2203
54850
222235
79176
64839
80028
84961
26224
26235
26233
23194
80204
201456
115290
26232
23014
26263
26261
26260
26273
84085
114907
254170
55030
130888
81545
26272
51725
150726
54455
26270
26269
26268
23291
26190
26226
54461
55294
26259
2204
2208
8857
2210
2212
2214
2215
2217
89848
9873
2219
2220
115350
79368
115352
83417
83416
84824
127943
NA
2222
2230
2232
2235
55527
10116
56929
2237
NA
80307
90342
NA
55612
2242
54738
9638
9637
2243
2244
2245
121512
NA
55785
2246
2255
2256
2257
2259
8823
8822
9965
2247
26291
2248
2250
NA
2253
83888
143282
2260
11116
2263
2261
53834
2266
2267
10875
2268
2271
114827
85462
2273
2274
84929
9158
11153
9896
55137
63979
27145
11259
NA
81608
51024
NA
84922
24147
2280
2281
2286
2287
2288
2289
8468
23770
11328
79147
100131561
80308
201163
2313
2314
440101
79857
90024
55025
400512
200058
497049
403150
643977
NA
284124
399821
NA
NA
NA
401105
645644
2317
10211
23768
23767
2321
2324
NA
114984
154791
342184
56776
91010
2328
2330
2331
2332
158521
2335
64122
54874
23360
84624
NA
64778
252995
NA
57600
2339
2342
2346
NA
2350
2352
NA
8061
2355
3169
3170
3171
27023
2296
2297
2306
2304
2301
2290
2302
55810
22887
221937
3607
2300
668
3344
1112
NA
121643
2308
2309
4303
27086
93986
116113
94234
80020
2356
8790
80144
10023
448831
2444
55691
23150
84978
83786
NA
10818
10129
79187
83856
23105
2495
NA
53940
94033
24140
8880
8939
197258
139341
65991
NA
2521
84750
170384
2526
2527
2528
2529
NA
10690
80199
8087
9513
5348
486
53826
NA
NA
79443
2534
84248
8321
NA
2535
7855
8325
8326
51343
NA
9908
2538
92579
2548
2549
9846
11337
11345
23766
2550
9568
2551
2553
NA
126626
2554
2555
2557
2559
2564
2565
2566
2567
2568
55879
2571
2572
1647
4616
90480
2580
64090
89792
79690
2581
2584
2585
130589
2588
55568
63917
NA
NA
NA
NA
2590
2591
8693
11227
11226
51809
26290
168391
85569
2592
2593
23193
2597
26130
54433
NA
84253
2617
2618
2620
10634
283431
60674
NA
8522
2622
NA
2520
2623
2625
2626
2627
57798
54815
283459
NA
2628
NA
2629
57704
2632
8729
2633
2634
2635
163351
9648
2639
NA
2643
2644
2646
2730
8521
9247
2651
360219
NA
NA
2653
NA
9615
78997
54834
2662
10220
9518
2658
554250
392255
2664
2665
2668
284161
220032
50628
25929
79833
NA
NA
2670
2671
2672
8328
85476
84340
54438
2673
9945
2675
2676
64096
26088
23062
79017
2677
79893
2678
NA
2687
124975
2686
92086
91227
2689
27069
2690
2691
2692
51738
2693
NA
NA
64599
26058
170575
26157
55303
54826
64785
84296
2695
54810
126326
28964
9815
2700
2703
81025
2705
2706
2707
127534
10804
375519
10052
57165
349149
219770
2710
2712
256356
80318
2717
2720
89944
113263
26035
2731
2733
2734
2735
2738
NA
256710
152007
169792
NA
2739
51031
9340
2742
8001
2743
2745
10539
51218
2744
144423
83468
51228
2746
2747
2752
92292
219970
132158
NA
2760
64395
2762
NA
10691
26205
2764
9535
51291
29926
29925
2766
51292
2767
10672
2770
2773
2775
2776
2778
2779
2781
2782
10681
10020
2790
51764
54331
2786
2787
2788
94235
2792
2794
29889
26354
54552
27232
8443
10007
132789
64841
79158
84572
2797
2798
114814
2801
NA
NA
NA
2802
2803
NA
NA
NA
51125
23015
NA
100132565
2804
51280
55204
51026
54856
NA
57120
NA
9527
9570
2805
2806
51206
2815
10223
8733
57678
NA
NA
63906
23131
151306
65056
60313
221914
2262
10082
NA
2819
23171
NA
170589
10243
338328
27238
2822
2823
2824
51184
10457
NA
57720
139760
29933
64582
56834
7107
350383
4935
115330
151556
57512
26996
23432
27239
54328
84636
160897
11318
2843
2845
2848
2849
2850
2827
2853
2854
2859
2861
9283
2863
2828
11250
9248
9290
118442
8477
8111
54112
51463
9737
9052
51704
55890
55507
114787
2874
26086
63940
2875
84706
2879
2882
493869
54762
10750
9402
160622
2887
2885
9687
NA
64388
79977
57822
9380
2891
2892
2893
2894
2895
2898
2899
2901
2902
2903
2906
116443
116444
2907
56850
6011
NA
NA
2868
2869
131890
2911
2914
2915
2896
80273
134266
2925
83743
NA
NA
NA
2928
55876
56169
79792
NA
146395
2931
2932
NA
2934
NA
2935
2936
2937
2939
2940
2941
373156
2944
2947
2948
9446
2950
170825
79712
2957
11036
2958
2960
2961
2963
2965
NA
2968
404672
2969
NA
9569
84163
2975
2976
9330
9567
85865
84705
29083
121355
2979
9626
NA
2987
2990
NA
NA
NA
NA
NA
NA
2993
2996
2997
3003
3004
341567
8971
474381
55766
3014
3020
3021
9563
23498
3026
NA
NA
NA
NA
3033
3030
3032
3029
84264
NA
3034
NA
1404
145864
404037
283254
3035
23438
3036
3037
3038
NA
NA
NA
NA
26762
84868
10456
3040
3043
3045
3046
1839
3047
26959
10767
3050
NA
3052
3054
54985
352961
54435
NA
348980
57657
10021
10866
3065
8841
9759
10014
10013
51564
55869
9734
51020
374659
3068
NA
NA
NA
3069
139324
55027
25938
54497
NA
50865
25831
NA
57520
NA
92797
NA
NA
51409
NA
220296
253012
9843
8925
8924
NA
8916
26091
51191
55008
9709
64224
3280
54626
57801
388585
84667
3073
NA
284004
10614
3077
148738
100128124
3082
3083
9146
138050
NA
3087
64399
84439
79802
11148
11147
11112
26275
3090
23119
NA
3091
64344
25994
NA
NA
3092
9026
204851
10114
147746
8479
3009
3008
3010
221613
8335
8969
85235
8331
8336
3018
8344
8339
8345
8346
85236
8340
8342
8341
8358
8352
8351
8353
8968
8355
8354
8367
8294
8362
8368
723790
317772
8338
NA
NA
NA
92815
3097
3098
3099
3101
NA
NA
NA
NA
NA
NA
NA
NA
NA
NA
NA
NA
NA
NA
NA
NA
NA
NA
NA
NA
NA
NA
NA
3131
6596
3142
79618
3145
256158
3159
3146
3148
3149
54511
3157
3150
3151
NA
10473
NA
10042
57824
3161
NA
3162
3163
3166
3167
6927
6928
3172
3176
10949
3178
144983
NA
220988
3183
343069
3184
NA
3185
3187
3190
NA
3191
NA
10236
3192
11100
221092
57594
51361
84376
84525
150280
NA
NA
NA
3198
3206
NA
3209
3200
3201
3202
3203
10481
3212
3213
3214
3215
3216
3217
3218
3219
NA
3226
3227
3222
3223
3225
3236
3237
3239
3232
3233
3234
3240
50809
3241
51440
3242
NA
3248
3249
3250
3251
3257
84343
89781
11234
60495
3263
55806
3265
57110
NA
3270
646962
3269
3274
11255
8739
64342
9653
9957
9955
222537
9394
266722
3281
3291
3292
51170
51144
345275
3293
3295
51478
158160
3283
80270
84263
3297
3298
11077
3299
159119
84941
3320
NA
7184
259217
51182
3303
3305
3308
22824
3309
3310
3312
3313
3315
3316
8988
26353
94086
23640
3329
3336
10808
3346
3347
3350
3354
3356
3357
9177
200909
3360
5654
94031
203100
30811
3364
135458
10075
84329
3373
23553
54768
81888
10525
285148
3376
NA
25998
3382
130026
3383
3385
3386
NA
NA
22858
23463
29851
23308
3397
3399
3417
3419
3420
3422
91734
3423
51124
3429
122509
83982
10437
10561
3434
3433
24138
8519
10581
340198
387733
3446
NA
3440
3452
3441
3442
3443
3445
3454
3455
3456
338376
3458
3460
56832
3475
7866
55764
90410
NA
51098
55081
80173
57560
28981
8100
3479
3480
3481
10642
10644
10643
3482
3483
3484
3485
3486
3488
3489
3490
347252
147920
NA
3493
3500
3508
NA
NA
3514
NA
NA
NA
NA
3543
NA
NA
3547
285313
3321
10261
93185
3550
NA
3551
10320
22807
22806
64375
3586
3587
NA
3589
3592
3593
3595
3597
3598
3600
3603
3605
53342
112744
84818
54756
3606
10068
29949
3552
3553
3554
3556
26280
8808
3558
50604
59067
50615
50616
149233
11009
64806
9466
3559
3561
386653
133396
9235
90865
NA
NA
3563
3565
3568
3569
3572
3575
3581
286676
3608
3609
NA
3611
80895
10994
10989
55272
3612
3613
55364
54928
3615
3617
9118
3619
8552
64423
3621
3622
54556
51147
84289
3623
3625
3626
NA
11185
54617
54891
3628
3631
8821
3632
3633
3635
56623
22876
27124
51763
3630
3638
3641
10022
11172
3642
84684
3643
3645
55174
NA
57117
NA
57508
92105
NA
80789
NA
25896
55656
55756
27130
9807
9670
3843
NA
10527
10526
3652
79781
9657
84223
64799
124152
8826
128239
9922
440073
154865
134728
3656
11213
51135
3660
26145
3661
3662
3665
3394
10379
8660
8471
79192
50805
10265
79190
81689
122961
9636
81875
3670
64843
57611
145501
79763
NA
91464
57461
8515
22801
3673
3674
3678
3679
3680
3681
3682
3683
3684
3685
3687
3688
9270
3689
NA
3690
23421
3691
3695
3696
9358
3697
3699
80760
NA
3702
142683
9452
9445
81618
3704
3705
80271
3709
85450
150771
162073
6453
50618
3713
10625
55677
284359
NA
NA
NA
NA
182
84522
3716
3717
3718
152789
9832
58494
3720
NA
NA
NA
221037
NA
100137047
9929
126119
57338
NA
NA
NA
8629
126306
3725
3726
353219
8997
23189
25959
256949
NA
NA
NA
3735
NA
8850
10524
NA
NA
NA
84056
83473
NA
NA
NA
25948
143879
55709
89890
84078
3736
3744
3737
3739
7881
8514
3745
3746
3747
3749
3750
3751
3752
3753
9992
23704
NA
3754
170850
93107
3756
3757
27133
81033
90134
30819
30818
80333
3758
3766
3769
3772
3773
3759
NA
3761
3762
3765
56660
56659
83795
89822
3776
3777
8645
9424
10089
3778
3779
10242
NA
27094
27345
3780
3784
10984
3788
3790
284252
83892
253980
65987
79734
130535
23510
222658
51133
200845
154881
54793
79070
10945
11014
NA
NA
NA
NA
NA
NA
NA
NA
NA
3791
2531
9817
80759
NA
202559
10656
NA
9674
9808
9812
9856
79932
23392
9692
9729
9764
9851
643314
NA
23366
653319
NA
84162
57482
56243
57501
222223
57614
57670
NA
57691
85449
90231
158358
57498
3832
113220
63971
9928
56992
55614
57576
124602
547
NA
10749
10112
9585
55605
3835
26153
55083
3796
84643
11004
9371
3797
3798
221458
374654
64147
3833
3801
22944
3803
3809
3811
90011
84063
84623
3814
3815
4254
NA
152831
3831
64837
147700
89953
10661
8462
51621
136259
28999
83855
128209
10365
9314
688
1316
122773
23008
23588
116138
54758
127707
113730
200942
57626
55175
59349
57565
80311
339451
23276
27252
9903
84861
151230
54800
64410
114818
377007
114792
257240
79786
56062
NA
NA
51088
89857
55975
57563
55958
5655
11012
43849
26085
55554
3817
354
9622
5653
NA
3820
3821
3823
8302
51348
10219
346689
22914
8564
NA
NA
NA
NA
NA
NA
NA
85442
NA
9735
3839
3840
3841
23633
3837
3845
84626
NA
51315
83999
889
11103
3848
3858
3859
3861
3866
3868
NA
NA
NA
160313
NA
192666
147183
3850
3882
3885
8689
8687
125115
286887
3855
112802
140807
121391
9119
51350
374454
196374
338785
3856
144501
3888
3891
NA
NA
NA
NA
NA
NA
NA
NA
NA
NA
NA
NA
NA
NA
NA
NA
NA
NA
NA
NA
NA
NA
NA
NA
NA
NA
200634
388533
8844
283455
3895
NA
NA
8942
3897
54596
79944
NA
83746
84456
91133
NA
90070
114294
3903
284217
3908
3909
3911
3912
3918
10319
3916
3920
NA
NA
NA
10314
55915
51056
55353
NA
NA
23367
NA
113251
51574
23395
3927
27040
7462
9113
26524
143903
3929
3930
10660
NA
150082
3931
353133
353137
353139
26239
353141
353143
353144
84648
199834
3932
9836
3933
286256
84458
254251
3937
3938
8861
11155
3939
160287
3945
3949
388633
NA
26119
116842
149018
93273
55891
114823
3952
3953
137994
NA
3955
3956
29124
56891
3957
3958
3959
3960
3963
653499
3964
NA
3965
203190
163175
5641
55366
59352
340596
10184
NA
375323
NA
3975
26468
3976
3977
3980
3981
11024
11027
11026
23547
353514
10859
10288
11025
11006
10990
79166
22998
54923
3985
3987
55679
NA
389421
55957
91750
132660
64130
286826
NA
NA
NA
NA
NA
NA
NA
NA
NA
NA
NA
NA
NA
NA
NA
NA
NA
NA
NA
NA
NA
NA
NA
NA
NA
NA
NA
NA
NA
NA
NA
NA
NA
NA
NA
NA
NA
NA
NA
NA
NA
NA
NA
NA
NA
NA
NA
NA
NA
NA
NA
NA
NA
NA
NA
NA
NA
NA
NA
NA
NA
NA
NA
NA
NA
NA
NA
NA
NA
NA
NA
NA
NA
NA
NA
NA
NA
NA
NA
NA
NA
NA
NA
NA
NA
NA
NA
NA
NA
NA
NA
NA
NA
NA
NA
NA
NA
NA
NA
NA
NA
NA
NA
NA
NA
NA
NA
NA
NA
NA
NA
NA
NA
NA
NA
NA
NA
NA
NA
NA
NA
NA
NA
NA
NA
NA
NA
NA
NA
NA
NA
NA
NA
NA
NA
NA
NA
NA
NA
NA
NA
NA
NA
NA
NA
NA
NA
NA
NA
NA
84894
55180
3988
3990
3991
NA
9388
149998
51601
167410
128077
NA
3993
84298
79748
55788
92255
64788
91289
89782
4001
84823
NA
4005
55885
4008
NA
22853
NA
84708
222484
100127955
100128164
100128239
100128398
100129138
100129434
NA
100130264
NA
NA
100130744
100131496
NA
NA
100144595
100147773
100190986
NA
NA
NA
NA
NA
NA
NA
NA
NA
NA
NA
NA
NA
NA
NA
NA
NA
NA
NA
NA
NA
NA
NA
NA
NA
NA
NA
NA
NA
NA
NA
NA
NA
NA
NA
NA
NA
NA
NA
NA
NA
NA
NA
NA
NA
NA
NA
NA
NA
NA
NA
NA
NA
NA
NA
NA
NA
NA
NA
NA
NA
NA
NA
NA
NA
NA
NA
NA
NA
NA
NA
NA
NA
NA
NA
NA
NA
NA
NA
NA
NA
NA
NA
NA
NA
NA
148413
NA
NA
220077
220729
NA
283788
284344
NA
284454
NA
284600
NA
339260
344967
349160
388242
389199
389641
389705
389831
390705
400464
400655
400684
NA
401127
401176
NA
407835
414300
440173
NA
440461
441052
NA
441455
441601
441666
541472
554206
NA
NA
643201
NA
643733
NA
644189
644936
NA
654780
728485
728613
NA
729652
NA
729970
79999
NA
90246
83752
91694
79836
4014
4015
125336
4016
NA
4017
84695
84171
80350
23566
2846
NA
79888
54947
NA
64900
4023
4025
4026
9227
987
23143
57622
116844
136332
NA
340745
4033
4035
26020
53353
4037
91355
4040
7804
4043
10128
NA
55227
131578
474354
79442
NA
10233
126364
80313
123355
26231
81543
79782
151827
474170
374819
NA
114659
NA
64101
55631
10489
115353
57470
57689
219527
255252
116064
23639
65999
220416
NA
56262
84230
55144
80131
85444
9208
9209
84125
120892
54674
26045
347731
80059
220074
222229
4045
134353
124801
26065
149986
57819
27258
25804
11157
51690
NA
4046
4047
7940
4049
4050
1241
4053
4054
8425
4057
84946
51631
NA
4060
NA
7798
206338
8581
80740
259215
54742
4065
9450
4063
55646
129530
254773
4066
4067
66004
116372
137797
27076
147719
130574
130576
NA
10434
653639
57226
57128
90624
NA
256586
116068
145748
1130
10894
119180
54585
8216
84445
NA
4074
NA
4081
10586
NA
346389
23499
8379
10459
8567
10296
84944
4094
389692
23764
4097
4100
4109
4111
4103
4104
4105
4112
139422
4113
4114
4115
139081
9500
10916
81557
57692
139599
64110
28986
9223
79917
4116
84061
NA
4117
84549
114569
378938
7851
10892
158056
9794
4121
10905
NA
4124
4122
23324
4123
63905
149175
NA
54682
4128
4129
4130
4131
81631
55201
4133
5604
6416
5609
7786
9175
NA
10746
9064
1326
4134
11184
5871
8491
9448
11183
4135
55700
256714
79649
79884
5594
5602
5600
5603
1432
225689
93487
5595
5597
9479
23542
23162
5601
79109
9261
8550
NA
23005
22919
10982
22924
4137
NA
NA
NA
NA
NA
NA
NA
4082
NA
4139
2011
4140
57787
4141
153562
91862
5648
375449
84930
4143
27430
4145
4146
NA
4147
8785
9782
NA
4150
53615
8930
55777
114785
NA
4153
NA
4154
10150
154141
129642
79143
4155
54799
8720
4158
4159
4160
4161
4162
27349
84693
NA
23263
NA
23101
90411
84539
55388
4171
8888
NA
4174
4175
84515
254394
NA
57192
55283
79648
10445
79772
55784
28985
NA
266727
4191
4192
4193
23195
NA
4199
10873
NA
4204
5469
84246
400569
116931
9969
23389
NA
51586
9440
219541
9477
6837
9439
9862
81857
9441
80306
55588
29079
10001
9443
112950
55090
NA
4205
4208
4209
4210
55384
84466
84465
1953
1954
150365
NA
4212
56917
9833
NA
4221
4222
4224
56257
56955
10461
NA
55897
4233
23173
NA
10988
79006
NA
NA
NA
NA
NA
NA
NA
NA
NA
NA
339175
55798
56339
64863
29081
131965
25840
196410
51108
84206
51320
399664
4236
4237
4238
8076
56947
4240
55669
9927
4242
83552
NA
NA
NA
NA
84975
162387
84179
256471
84804
23269
8972
4245
4247
4248
11320
11282
25834
84815
157247
149047
NA
79150
10724
23295
4259
8190
117153
57534
142678
9645
57553
84953
85377
79778
4277
NA
4281
11043
90007
NA
NA
NA
57708
54531
166968
4282
NA
NA
NA
NA
NA
NA
NA
55586
4284
4285
145282
NA
NA
NA
NA
NA
NA
NA
NA
NA
NA
NA
NA
NA
NA
NA
79003
NA
129531
4286
57591
57496
4289
8569
2872
23608
23609
54903
283078
2315
23209
9761
4291
NA
197259
4298
8028
10962
4300
4302
4295
NA
6945
51085
326625
23531
4312
4319
4320
4323
4324
4326
4327
4313
118856
8510
64386
NA
4316
4317
4318
22915
79812
NA
4330
4331
84057
55329
4335
3110
NA
NA
NA
NA
4336
55034
4337
27304
116255
80168
NA
23041
27136
22880
NA
10933
9643
79906
NA
118812
254956
158747
64598
54456
NA
9526
219972
4350
10200
54737
10198
NA
4352
NA
4354
4356
51678
143098
65258
744
255027
NA
9019
56246
112609
22808
NA
9902
NA
55686
93621
114932
116512
219928
NA
NA
NA
NA
NA
NA
NA
NA
NA
124995
6182
29088
63875
29074
51069
55052
51264
10573
11222
51263
64981
51318
64979
51253
64978
51073
64976
359821
84545
84311
26589
740
116540
116541
55173
64963
6183
63931
64960
51021
51373
51023
51116
54460
56945
51649
64951
64949
23107
28957
60488
92259
92399
57380
51154
10335
219995
2206
932
51338
64232
64231
58475
NA
NA
NA
4436
4438
4440
124540
339287
55167
10943
10232
401827
4478
4481
4482
253827
NA
4485
NA
4486
2660
4488
55545
4489
4493
4495
4498
4500
4501
4502
57504
4507
27085
23787
23788
NA
4515
92140
NA
NA
NA
NA
4520
22823
NA
9650
92170
NA
4522
25902
441024
NA
4524
10588
64779
4528
10903
54545
8898
8897
9110
9107
66036
4543
4544
25821
136319
9617
54516
4552
9788
92154
4547
NA
57509
NA
4580
4582
143662
94025
140453
4583
4584
4585
4586
4588
4589
NA
118430
84939
139221
80198
4593
4594
4595
NA
4598
9961
4599
4600
4084
83463
10608
439921
54587
91663
151325
4603
4606
4607
4608
4609
26292
NA
4613
10408
4615
50804
26579
4618
4628
4629
8735
79784
4620
4621
4622
4624
4625
57644
4626
4627
4632
NA
NA
4633
4634
4635
58498
10398
29116
85366
91807
55892
4651
51168
80022
23026
84700
80179
4430
4641
4642
4643
4542
64005
53904
140469
4644
4645
55930
4646
4647
4649
4650
4653
4654
4656
8736
9172
127294
NA
91977
NA
NA
NA
NA
9683
55728
90634
10443
23138
29104
NA
NA
NA
NA
NA
NA
10003
10004
4664
4665
NA
NA
83955
112939
65220
8883
92345
4668
55577
4669
162417
203245
4671
259232
10135
404635
140838
4673
4674
4676
266812
222236
8774
NA
9476
26502
79731
4678
24142
9027
51471
26151
89796
89797
89795
NA
26960
23218
100132406
728912
25832
284565
285622
84224
83988
4684
23310
54892
29781
22916
NA
NA
4688
4689
4690
8440
3071
51517
56926
8202
57727
23054
135112
9611
9437
259197
NA
10403
54820
81565
80762
54602
NA
10397
3340
8509
4694
4705
126328
55967
51079
4695
4696
4697
4698
4700
4701
4702
91942
NA
NA
NA
NA
NA
4716
NA
4709
4710
4711
4712
4713
4714
4715
4717
4718
4720
4722
4724
4726
374291
4728
4723
4729
4731
4703
63941
55707
NA
NA
121441
23327
4738
4747
4741
257194
252969
55247
4750
152110
79858
4751
4752
10783
140609
284086
91754
NA
NA
4745
4753
NA
NA
29937
NA
10763
10276
81832
81831
4758
4759
NA
NA
NA
4761
58158
4762
50674
NA
91624
NA
4771
150372
NA
10725
4773
84901
4775
4776
4779
4780
9603
NA
4782
4784
4790
4792
4793
4795
64332
4798
4799
152518
4800
4802
NA
58157
25983
4803
51335
374354
NA
4810
84276
60491
NA
51199
4814
4815
123606
81614
NA
25836
NA
8508
25934
55335
11188
4817
79570
154215
286183
NA
NA
85407
85409
4818
28512
28511
4820
NA
NA
NA
NA
NA
NA
NA
NA
NA
54475
54413
22829
57486
197358
84166
22861
91662
126204
338323
NA
114548
199713
338321
79671
4829
51068
4830
4831
4833
8382
10201
NA
9111
23057
57407
NA
NA
10316
28987
26155
NA
64318
79050
NA
10392
4838
79954
25926
8715
65083
55035
79707
9221
23420
8602
51491
4839
NA
10528
NA
NA
4843
4846
51070
4851
388677
4854
4855
147111
4856
4857
27035
50507
10811
124056
NA
NA
4862
64067
29881
246734
56654
79716
9520
64106
10886
4867
261734
7827
NA
NA
NA
NA
80896
55666
4869
10361
255743
4878
4879
4880
4882
4883
NA
266811
4885
64111
4886
4887
NA
4888
8431
9572
7376
10062
9971
8856
9970
126382
7101
10002
7025
NA
7026
NA
2908
4306
3164
8013
2494
4892
NA
29982
NA
NA
NA
4899
3084
4900
8204
83714
4901
51299
123904
8829
8828
NA
140767
9378
9369
NA
64324
NA
NA
50814
4905
55968
197370
286053
NA
54780
NA
NA
387338
55695
221078
79730
84618
93034
NA
64943
51559
4907
4913
50863
NA
9423
4917
22854
4914
4915
4916
4923
9891
81788
4682
4924
4925
10726
84955
134492
23386
4521
170685
55190
83594
25961
256281
55270
131870
84309
NA
79873
318
11051
11165
11163
254552
26747
57532
9253
57122
9972
23511
23165
NA
8021
129401
79023
348995
10762
NA
23636
79902
9688
4928
11097
4931
56001
64359
115861
158046
NA
NA
11249
11248
11247
29107
NA
NA
60506
220323
NA
4938
4940
4942
4946
51686
29991
84033
NA
79629
54940
132299
4950
4952
NA
4953
4957
57489
113746
284451
146852
266553
8481
4967
55753
55239
NA
4968
4969
8473
11339
NA
29789
10439
93145
118427
10562
25903
116448
10215
167826
115209
4974
4975
9480
4978
4983
26873
23596
94233
4985
4986
4987
4988
NA
26254
341276
283297
144124
442194
26539
126541
26476
343406
128360
390439
440153
26529
81797
138804
8383
4992
26184
8390
254973
138882
135941
401428
401427
441295
81697
26212
4993
81472
26716
7932
26707
284521
56656
401993
285659
4994
4995
81328
81309
26242
119749
26682
283694
256148
119764
119687
79345
23538
387748
390181
338675
338674
26341
10798
120065
120066
219464
8590
81448
390261
128372
89883
390892
26659
26658
10820
283491
26628
219445
283159
26494
219477
84876
80228
220064
NA
NA
NA
5004
5005
94101
29095
94103
10956
5007
23762
114884
114885
114876
9885
114880
114882
114883
126014
NA
64172
734
5008
9180
116039
NA
NA
28962
56914
23440
78990
220213
23252
54726
55593
51633
NA
56957
NA
5013
5015
124641
NA
5016
58495
64064
27199
NA
55074
5021
5023
5024
5025
5026
9127
440799
5027
5028
27334
64805
5029
5030
5031
NA
NA
NA
283208
5034
54681
5036
26986
80336
132430
8106
133015
55690
29993
29943
11240
23569
5047
54623
5048
5049
55824
389860
9506
90737
NA
5053
10605
5058
55003
5062
NA
5064
114299
NA
54873
5066
9924
80025
79646
55229
24145
56666
167153
64282
NA
89932
56903
64895
5069
60676
9061
9060
152559
124222
54852
164091
85315
344838
117583
50855
84552
NA
5073
142
84875
57097
64761
54625
165631
54956
143
NA
55742
29780
139135
23178
160065
NA
5075
5076
5077
5078
5079
5080
5081
7849
NA
NA
NA
22976
NA
NA
NA
64081
59351
55193
5089
5090
5091
84105
5093
NA
5094
54039
5095
5096
57575
83259
57526
64881
5099
5100
56138
9752
56135
56126
56124
56122
NA
84054
56133
56127
56112
56110
9708
56107
56104
56100
56097
NA
51585
84759
7703
10336
84333
55795
63935
5105
5106
NA
5108
5110
115294
55251
5111
57092
NA
NA
NA
NA
26577
126006
5122
27344
54760
5046
9159
255738
58488
78991
5130
9468
5833
11333
5132
11235
80380
5134
27250
9141
10015
NA
5082
132954
79031
50940
201626
5136
5137
5138
5142
5143
5144
9659
5158
5146
5147
5149
5150
5152
5154
5155
80310
5156
5161
2923
9601
149420
5163
5165
5166
9124
64236
10611
9260
57546
5170
10630
55066
81572
23244
23047
57107
3651
23042
NA
8566
5173
23037
79849
57595
5174
10158
23024
8682
NA
55825
23089
57162
53918
27043
10400
5187
8864
8863
NA
5192
8800
8799
5194
5195
9409
5824
NA
8504
5830
51555
5190
5198
5202
5203
5204
5207
5208
5209
NA
5217
345456
375189
643834
5223
NA
5224
80055
NA
84547
267002
267004
161779
5225
5228
NA
5229
5230
25796
8993
114771
55276
5238
5239
283871
54858
10857
10424
9489
221692
116154
65979
51808
5245
1912
80012
5251
5252
55274
26147
5253
51230
51105
79142
NA
23133
55023
5255
5256
5257
5260
22822
23612
23187
NA
493911
401
8929
29085
10745
57157
5264
254295
84457
NA
5266
55361
5298
NA
8554
10401
10464
8301
NA
NA
NA
5277
5279
54872
5283
9487
93183
23556
51227
9091
54965
84992
120379
118788
5286
5288
5289
5291
5293
113791
5296
8503
30849
146850
NA
29992
415116
NA
65018
8396
79837
8394
8395
23396
NA
51268
5306
26207
9600
57605
83394
10531
5308
5309
9271
440822
9867
NA
5310
168507
114780
NA
NA
5311
9033
27039
NA
5314
93035
5569
11142
5313
9088
5585
5586
5316
5318
81579
84647
26279
30814
64600
5321
8605
22925
10761
191585
51316
5325
5327
5328
5329
151056
NA
NA
23236
5330
5332
113026
5335
5336
23007
9651
23228
55344
257068
5337
5338
23646
NA
5341
59338
54477
22874
84725
79156
79666
57480
64857
26030
153478
130271
79990
55111
9842
389072
80301
NA
5340
5343
NA
NA
NA
NA
5347
10769
10733
51090
5350
5352
NA
NA
NA
NA
NA
NA
NA
NA
5359
57047
5360
57125
5362
55558
91584
23654
10154
23129
5366
5367
5369
NA
11243
83449
5371
5372
5373
5376
23203
5378
5395
441194
NA
NA
NA
139728
25953
11284
154197
5406
5407
5408
10687
114824
NA
NA
56902
5368
8228
150379
10908
375775
55163
87178
10957
NA
127435
5420
50512
79983
23509
23275
57645
23126
5422
5423
5424
5425
57804
26073
84271
5426
5427
5428
11232
5429
11201
51426
10721
84172
51082
64425
5430
5433
5435
5436
246721
5440
55703
661
10621
10622
171568
9883
NA
NA
NA
5443
NA
NA
51371
10585
29954
22932
5444
5445
10940
10775
10248
64091
64208
64840
25913
NA
NA
445582
5449
5451
5452
25833
5453
5455
5457
5459
5460
642559
5463
11281
NA
5464
27068
56342
NA
5465
5467
5468
10891
133522
5471
NA
60490
79717
NA
8500
8541
8496
8495
51535
5478
5479
5480
5481
10450
10105
9360
10465
23759
53938
85313
NA
5494
22843
9647
5496
57460
333926
152926
151742
NA
51400
5499
5500
5501
6992
4659
4660
23368
94274
81706
54866
23645
26051
NA
5502
84152
5504
NA
NA
80316
NA
5506
79660
5509
89801
5511
55607
5515
5516
5519
5522
55844
5523
28227
55012
5525
5527
5528
5529
5530
5532
5534
5535
9989
151987
NA
NA
57718
5536
5537
NA
NA
NA
5538
9374
160760
23398
10084
80148
54896
130814
NA
NA
23532
65122
391002
NA
118471
5542
5545
9055
768206
5547
639
56980
56981
59335
63977
63976
11107
11105
56979
7001
10935
10113
27166
153768
NA
5549
9581
5553
10216
144165
4007
29964
5557
5558
145270
100169750
5562
5563
5564
5565
5566
5567
5568
5571
51422
53632
5573
5575
5576
5577
5578
5579
5580
5581
5582
5583
5584
5588
NA
5587
23683
5591
5592
NA
5613
5616
51052
2834
5619
3275
10196
10419
54496
56341
NA
23627
5621
149830
147011
5625
58510
5626
5627
NA
NA
NA
5629
8559
9129
26121
84950
55119
55660
25766
8899
10594
5630
5961
5631
5634
54458
78994
222171
51334
285800
NA
NA
NA
NA
NA
80758
NA
NA
NA
5638
5639
79057
79056
80863
112476
51450
5644
5645
10942
11098
83886
5646
NA
260429
NA
NA
NA
NA
5652
NA
158471
57716
442862
5660
29968
84249
NA
23362
23550
5663
5664
5669
5680
5670
5672
5676
440533
5678
11168
5681
85481
5682
5684
5686
5688
5689
5691
5692
5693
5695
5696
5698
5700
5701
5702
5706
5707
5716
5718
5719
10213
5709
5710
5711
9861
5713
5714
5715
5720
10197
23198
56984
NA
170680
5723
9051
9050
5724
5725
58155
NA
26024
5727
8643
139411
171558
9791
5728
256297
5729
5732
5734
NA
9536
10728
NA
5737
5738
5739
5740
145482
5742
5743
5745
5747
2185
5753
5754
5757
5763
53635
7803
8073
NA
5781
5784
26469
5771
11099
25930
5774
84867
5777
5778
5780
5788
5790
5789
NA
5792
5793
5795
5797
5798
5799
5800
5801
5802
11122
10076
5803
51651
NA
5805
9232
754
10744
5806
22827
9698
23369
NA
5813
NA
80324
150962
83448
5817
5820
NA
11137
170394
7837
137902
54899
5827
11264
5829
222659
NA
29108
5831
29920
NA
5834
5836
149628
NA
79912
NA
5697
5858
5860
9444
25797
54814
23475
54870
84074
55278
5768
169714
NA
23518
22864
NA
140902
10890
8766
9230
80223
22841
84440
26056
201475
64284
22931
5861
23011
57403
51715
53917
57111
5874
9364
NA
5862
84932
27314
NA
11031
9363
11021
9609
NA
116442
5864
5865
115827
9545
117177
10966
57799
115273
339122
5867
53916
5868
5869
5878
5870
4218
51762
9367
NA
10567
9135
10244
23637
9910
27342
5875
5877
11159
285282
NA
5879
5880
5881
29127
83956
5810
5884
56852
5885
5886
5887
10111
10635
NA
5889
NA
5893
25788
23132
5883
144715
55698
135250
5894
5896
5897
10743
10928
NA
NA
5900
9649
22913
138046
10267
5901
64901
5903
8498
202151
10048
5906
5908
5909
NA
5911
NA
9693
10411
11069
51735
51195
65059
5914
NA
5915
5916
5918
5919
5920
5917
5922
NA
9462
64926
51655
23551
221002
153020
255426
5923
5924
10125
115727
54922
10633
91608
65997
51285
11186
283349
83937
83593
8045
11228
125950
55225
5925
NA
5928
5929
5930
5931
5932
NA
NA
NA
NA
64080
5933
54033
389677
64783
29890
84991
9904
55696
55147
221662
58517
64062
NA
155435
55544
9584
5936
55285
79171
375287
129831
54502
83759
10181
10180
9939
5937
27303
27316
51634
27288
NA
378948
378950
116362
3516
11317
NA
348093
9978
149041
54542
1827
10231
11123
55213
55920
91433
9986
5955
57333
23186
283248
55758
5957
157506
145226
112724
5959
50700
201299
5962
9985
8434
9401
65055
221035
80346
7905
5968
NA
83998
5966
5970
285613
5649
84957
161253
5972
5973
9185
11079
473
85004
79785
389075
5978
5979
84666
NA
NA
NA
54884
51455
5980
NA
25996
57109
NA
5984
5985
117584
55312
NA
NA
5986
10740
10739
10737
91869
23180
130132
64326
5989
5990
5991
5992
222546
8625
NA
56963
400966
729857
84220
5995
8786
6002
6003
10636
10287
5997
8601
26166
5998
5999
8490
9628
401190
85397
8787
388531
353299
6005
84236
57414
64285
79651
9028
54933
6006
51458
6007
6009
121268
NA
6010
387
22836
389
54509
399
57381
55288
89941
58480
171177
84528
114822
NA
NA
79608
60626
55188
253260
55183
83547
353116
23504
57494
22999
9699
140730
54453
79890
60561
83732
55781
NA
8737
8767
54101
NA
NA
6016
6019
NA
NA
NA
NA
55005
64795
6035
122651
6037
6039
84659
122665
84153
440400
8635
8153
390
9921
26994
54778
7732
140432
55905
27246
55298
79845
63891
55658
79589
55819
84282
51444
11236
NA
9604
50862
9781
57484
114804
NA
115992
26001
165918
81790
285671
138065
91445
54546
149603
25897
56254
57674
200312
54476
NA
55182
79102
140545
80196
152006
80352
6047
10193
6048
9616
9025
51136
84900
8732
6050
NA
8731
10921
6091
64221
6093
NA
9475
79641
54763
83853
4919
4920
6095
6096
6101
6102
6117
84268
26015
79871
79657
6120
6121
6103
57096
23322
9501
6134
4736
140801
6135
6136
6137
23521
NA
NA
6138
6139
6141
6142
6144
NA
6146
9349
6147
NA
NA
NA
6152
51121
6159
6122
6156
6160
6161
6164
NA
11224
6165
6173
6167
116832
6171
6129
6130
6132
6133
6175
113157
6176
6184
6185
11102
79897
54913
NA
10556
55197
23248
6204
NA
6205
NA
6207
6208
6210
6222
6187
6227
6228
6229
6233
51065
6234
NA
NA
NA
6188
6189
6192
6194
6195
6196
6197
9252
27330
6198
6199
83694
6201
NA
6202
6203
NA
NA
NA
113000
27079
285367
84881
6236
10670
10325
58528
6237
22800
6238
6239
6240
6241
54700
NA
NA
8568
23076
NA
NA
6247
91543
51773
NA
26156
89765
NA
NA
NA
340419
84870
51319
NA
6251
83546
NA
23168
219790
NA
NA
NA
NA
NA
NA
6252
10313
57142
65078
146760
349667
132112
83597
64108
NA
NA
NA
NA
80230
55680
22902
146923
10900
154661
861
NA
860
NA
8607
51389
112611
25950
NA
59350
339403
6256
6257
23429
6262
6263
6282
6283
6284
57402
140576
6277
338324
6279
6280
795
6286
64766
170591
1901
9294
8698
53637
6288
6289
6291
22908
26278
10055
6294
9667
55511
6299
57167
90378
140700
148398
201191
NA
154075
55095
344658
142891
54809
219285
25939
25813
29115
79685
NA
NA
56681
51128
NA
1757
NA
6301
54938
9733
23328
54440
6303
112483
6304
23314
NA
NA
NA
81846
388228
55206
NA
NA
NA
NA
NA
9522
NA
10066
113178
192683
51282
NA
22937
51435
949
950
91179
677769
51097
6319
79966
23256
NA
7356
10648
4246
117156
29970
132320
51540
22955
6322
256380
6323
6324
6326
6327
6328
55800
6330
6334
6335
6337
6338
6339
6341
9997
60592
NA
6342
NA
59342
23513
9805
79634
83482
85508
6343
6344
80274
57758
57410
55681
55153
NA
6382
6385
NA
10807
NA
6388
NA
NA
NA
NA
NA
6390
6391
6392
221935
54549
56948
93517
121214
23478
6396
23541
266629
9919
89866
26984
9554
9117
10484
11196
10802
10427
NA
9632
9871
25956
29927
23480
7095
NA
6398
81929
6400
6401
NA
NA
NA
NA
NA
6403
6404
10371
7869
10512
223117
9723
56920
64218
54910
10507
10505
57715
9037
57556
10501
80031
8482
6406
6407
59343
26168
205564
26054
57337
123228
NA
NA
NA
NA
NA
NA
NA
NA
NA
NA
NA
NA
26135
10169
26297
57515
347735
10955
256987
27230
51156
256394
145264
12
5104
327657
5273
89778
89777
5055
6317
6318
5268
5269
8710
5271
5272
462
3053
5054
647174
5176
5345
710
871
29950
9792
29946
56256
NA
143686
6418
26040
9739
29072
54093
55209
80854
83852
6419
23064
124925
23544
26470
10291
10946
23451
10992
23450
10262
NA
9814
57713
2810
6422
6425
113402
375035
207107
389376
653509
6439
6440
6441
94081
118980
81855
119559
6443
6444
8910
6445
137868
6446
10110
259230
166929
NA
129049
9905
27352
6449
54557
25970
4068
117157
10044
387694
400745
284948
6450
83442
6452
23677
152503
NA
6455
6457
56904
30011
285590
57630
344558
NA
79628
26751
22941
NA
6461
6462
6464
399694
79801
6469
152573
149345
51246
NA
NA
NA
92799
6470
6473
6474
23729
257218
55164
357
57477
NA
54414
6478
283514
59307
6614
114132
NA
8778
946
27036
27181
NA
150094
23235
NA
6492
NA
25942
23309
NA
26037
23094
140885
10326
128646
55423
23411
23410
23408
51548
51547
10572
6495
6496
51804
147912
NA
NA
8631
8935
NA
6498
6499
6500
6503
57606
6504
57823
7884
6555
8273
84068
6556
4891
6557
6558
6559
6560
57468
10723
56996
6561
9058
6563
8170
6564
6565
6566
117247
151473
6567
9120
9194
220963
6568
57084
57030
246213
NA
6571
10560
80704
6506
6509
6511
6512
6574
6575
6580
387775
55356
85413
51310
5002
5003
63027
283238
387601
6581
9356
10864
114571
9963
151295
9187
25769
57419
123041
1468
8402
8604
10165
9016
10478
60386
83884
89874
79751
79085
29957
114789
115286
9481
81894
51312
51629
NA
55972
203427
9673
283130
91137
NA
292
NA
NA
NA
293
65012
1836
1811
NA
65010
115111
116369
376497
11000
28965
9153
3177
55315
6513
66035
154091
6514
6517
56731
11182
29988
56606
7781
64924
10463
1317
140679
9197
6569
10568
23443
113829
347734
84912
55343
51006
79939
55508
339665
222553
54733
148641
NA
NA
NA
206358
153201
120103
54020
84255
2542
124565
151258
54407
10991
55089
92745
153129
57181
23516
29986
29985
55630
283375
25800
6519
6520
30061
254428
54946
124935
29015
23446
57153
80736
51151
85414
57210
113235
55244
146802
22950
6508
8671
57835
83697
NA
NA
NA
NA
6523
6524
6526
6527
6528
60482
6529
386757
6540
55117
388662
348932
340024
6530
54716
6532
6533
6534
6535
6541
23657
157724
57709
6542
84889
6545
8140
9057
84138
11136
6543
6547
6548
6553
10479
23315
285195
NA
6579
28234
53919
6578
11309
28232
28231
353189
81796
133482
NA
NA
146857
162394
200172
6585
9353
NA
6586
84631
139065
26050
84189
9748
7871
6590
79811
10569
57152
NA
NA
11039
4086
4087
4088
4089
4092
4093
NA
60682
64744
6595
6597
8467
56916
6598
6599
6601
6603
6604
9126
10051
23137
79677
NA
NA
4184
140775
NA
23049
NA
NA
23381
23293
9887
NA
NA
NA
NA
NA
NA
NA
NA
NA
NA
NA
NA
NA
NA
6606
10285
64093
64094
54498
55512
55627
10924
27293
23676
10879
6611
23583
57154
150572
114826
6615
6591
6616
9342
116841
9892
6617
6618
6619
6621
10302
23557
6622
27044
NA
25992
23642
283596
NA
NA
NA
NA
NA
NA
84973
79753
8303
NA
9304
9751
54861
11017
11066
9410
154007
6625
6626
6627
6631
6633
6634
6635
6637
6638
6641
6645
54221
10073
22938
29887
29934
23161
57231
29907
64089
9784
399979
90203
79856
83891
81609
NA
8724
169166
254122
8723
58533
29886
51429
6646
55084
8651
8835
9021
122809
9655
9306
30837
6647
6648
6649
NA
6651
10580
8470
10174
114815
57537
22986
NA
6652
6272
25928
NA
NA
6664
6666
8403
6657
NA
11166
6658
11063
6660
83595
30812
NA
6667
6672
3431
11262
93349
6668
6670
160824
6671
389058
221833
171169
389852
NA
NA
6674
10407
79582
200162
6676
10615
NA
9552
9043
139067
6678
NA
6683
132671
219938
9825
64847
84690
NA
130560
NA
NA
NA
NA
132851
NA
NA
166378
54558
83890
221409
NA
147841
57405
28972
9789
60559
NA
245711
NA
NA
NA
NA
NA
NA
79925
10290
374768
NA
23013
80208
6687
6689
NA
10927
474343
139886
6690
6691
27290
404203
6692
56907
84501
6693
83985
124976
23626
9806
10418
10417
339745
6696
6694
NA
161742
200734
503542
6698
6699
6703
6704
6707
NA
10252
10251
84926
NA
80176
90864
92369
6708
6709
6710
6711
57731
10558
9517
55304
NA
NA
144108
6713
8878
10011
NA
6714
NA
6715
6720
6721
NA
6722
153443
57522
23380
NA
NA
9901
5552
6717
6728
6730
6731
6726
6732
NA
8406
27286
63826
402055
10250
23524
NA
NA
NA
NA
NA
NA
NA
NA
NA
NA
NA
NA
6760
51188
6741
6742
23648
170463
6744
8636
8082
6745
6746
6747
NA
6751
6752
6755
29101
NA
6756
6757
117178
548313
280658
280659
6767
6768
9705
NA
6482
6483
6487
6484
8869
10402
6480
10610
7982
54879
6489
7903
29906
NA
55576
6769
10274
10735
10734
442582
NA
64940
10254
26228
10809
90627
NA
10948
83930
80765
147323
56910
9754
6772
6773
6774
6776
6777
6779
6780
8987
26872
261729
57620
10963
6794
9263
9262
8859
8428
NA
NA
6788
55351
282974
140901
11329
23012
27347
6789
83931
3925
11075
50861
NA
2040
161003
85439
56977
NA
NA
346673
92335
55437
11171
55342
NA
6801
29966
3703
201595
NA
8677
8675
55014
NA
53407
NA
6804
112755
2054
6810
10228
8417
9482
6812
6813
6814
252983
134957
29091
10923
8803
8802
51684
NA
NA
NA
10910
NA
23213
6799
27284
6819
27233
6783
6822
25830
285362
25870
7341
474338
6613
6612
NA
NA
6821
11198
NA
8464
6827
6829
6830
6835
6838
56241
203328
55061
79723
9900
9899
22987
NA
6840
NA
136306
23075
NA
NA
93426
6847
10388
221711
50511
85360
6850
6853
6854
81493
10492
NA
23345
23224
NA
NA
8831
9145
9144
23546
8871
23336
11346
171024
79933
132204
NA
6855
6856
6857
91683
57586
83849
83851
51760
127833
148281
9066
90019
143425
84958
54843
94120
94121
84447
NA
6862
134864
9038
134860
NA
NA
6863
6867
10579
6869
6870
4070
NA
NA
6881
6883
6884
8148
9015
9013
79101
6873
27097
6878
10629
6879
6880
51616
117289
8407
29114
6886
6887
6888
NA
85461
26115
NA
10010
57551
9344
51347
6890
6891
55080
202018
6895
23435
445347
80835
50839
50833
NA
50831
NA
50832
259286
259289
259291
259292
54429
50837
55617
6898
83940
30851
6901
NA
23216
83874
26000
23232
57533
125058
79735
55296
128637
161514
25771
NA
55633
57465
353149
23102
NA
NA
414059
9779
51256
11138
54885
23061
6902
1155
6903
55171
6904
NA
29110
9755
79718
90665
6908
9519
10716
84897
9238
6899
347853
9095
6909
30009
50945
NA
6911
6916
NA
NA
NA
6920
140597
85012
79921
340543
56849
NA
NA
10915
256536
6938
6939
6941
6943
150921
22980
6929
6925
6932
10732
NA
10312
9623
27004
6947
6949
6950
NA
6988
202500
6991
255758
6996
6997
NA
55775
NA
56165
91646
163589
122402
7003
8463
7004
7006
NA
NA
7007
NA
7008
NA
7010
64518
NA
146279
NA
NA
NA
NA
NA
7013
7014
54386
7015
26136
54997
7016
NA
54790
200424
56156
NA
55852
NA
113419
NA
NA
NA
NA
NA
7018
7020
7022
83741
339488
7023
64216
7024
29842
7027
7029
7942
22797
7033
24144
7035
7980
29844
7036
7037
7038
23483
7040
7041
7042
7045
7048
7049
9392
90655
7051
7052
7053
7047
9333
10618
56906
57215
NA
83591
168451
152815
79725
7057
7058
7060
117145
NA
57187
84321
80145
7066
7067
9967
7069
79875
221981
79178
55623
80745
NA
7070
29087
7072
7074
NA
92610
NA
200765
220359
201798
84948
81789
91937
8914
26519
NA
10440
10245
29928
10431
NA
92609
1678
26521
7077
7078
7079
27283
64129
26277
25976
114609
93643
9414
27134
7084
8277
NA
7089
7090
7091
79816
9874
11011
7092
7093
83660
81793
7097
7099
7100
51284
51311
NA
54106
4071
116441
116211
79853
7104
53345
7108
9375
9777
NA
64114
51643
117531
117532
342125
11322
79905
147138
23023
9911
57458
54499
127391
55002
255104
145942
10972
NA
10959
222068
146456
51014
8577
23671
284114
79022
84314
66000
79073
283953
89894
84216
338773
83862
80757
114908
128218
55654
85013
92305
222865
54972
114795
80194
65084
51524
135932
55281
85014
55260
55314
10430
28978
81853
NA
NA
NA
256472
132332
80008
57146
54958
153396
153339
56900
64418
92691
124491
134285
340061
84286
55365
28959
80775
NA
388021
374395
129787
130827
653659
202915
25829
55751
84548
25880
8269
55266
84222
728229
201931
130612
NA
147007
114801
79652
374882
84928
54867
51259
221468
124446
388335
84065
NA
NA
NA
NA
NA
NA
NA
NA
NA
NA
NA
NA
NA
84866
NA
NA
NA
219623
NA
NA
NA
NA
NA
55754
161291
NA
NA
55151
55254
90407
440026
131616
93109
55076
83604
10329
23585
757
79639
9528
25789
85025
199964
9725
55362
157378
91147
137695
54968
NA
84283
388730
144110
255043
25963
84910
92162
NA
252839
339168
27346
26022
56674
7110
126259
NA
55217
29767
29766
29765
7112
339967
132724
9407
28983
283471
84000
64699
56649
164656
11013
286527
9087
83857
160335
160418
84899
83590
79089
NA
NA
NA
3371
7124
7127
7130
25816
126282
388121
8795
8792
4982
51330
23495
115650
8764
NA
55504
7132
7133
27242
8718
7293
8771
8743
8742
9966
7292
944
8744
10318
8711
10188
8658
85456
64102
63923
7134
7135
7136
7137
51086
7138
7139
7140
7141
7142
3842
30000
7143
84629
27327
23112
57690
NA
7145
7148
10140
10766
NA
NA
10043
10040
146691
387990
56993
10953
NA
7155
8940
10210
1861
26092
163590
27433
64222
NA
9760
84969
7157
NA
9537
90313
94241
58476
112858
11257
24150
NA
27296
8626
7161
NA
7162
53373
219931
7164
7165
NA
7166
7167
27010
7168
7169
7170
NA
7171
7172
7173
1200
7174
51673
7175
285386
NA
51002
NA
348825
25823
8459
7178
NA
7179
93492
NA
NA
22974
29896
NA
NA
7185
7186
7187
26146
NA
80342
7188
10906
22906
66008
133022
10131
7109
NA
NA
NA
51693
27095
NA
51399
126003
79090
NA
83696
1787
54210
54209
340205
79865
55809
11219
NA
6978
6981
7201
10221
28951
57761
10107
81559
10206
9830
89870
51127
23321
6737
10346
373
7706
7726
5987
10155
23650
10612
11074
51592
53840
23087
55521
4591
89122
135644
90933
287015
54765
80263
80128
91107
57093
85363
135892
NA
NA
81844
25893
55223
84676
NA
201292
55128
81786
493829
81603
114088
7204
11078
9321
9320
9325
7205
NA
NA
NA
55621
NA
NA
NA
60487
NA
55039
NA
NA
NA
57570
51605
115708
55006
54952
NA
7216
10024
6738
8989
7220
7222
7223
57113
4308
80036
29850
140803
79054
7227
7442
51393
162514
55503
142940
26995
NA
7248
7249
NA
9819
1831
116461
79042
283989
7251
80705
254187
7252
7253
10194
25987
85480
55815
10103
83882
23554
81619
23555
26526
26262
90139
7106
10098
7105
7102
10867
NA
NA
NA
7259
64061
85453
388951
55720
NA
81629
7263
NA
NA
84630
146057
54970
79573
151613
158248
55761
54902
79809
64927
79989
55622
23331
83894
7267
92104
150737
64427
23548
9652
22996
125488
7268
91875
145567
148014
283237
7270
NA
NA
150465
254173
23170
83887
26140
9654
284076
79739
7273
7274
79183
7276
50858
246119
83867
83869
60439
252953
252955
114760
83863
84672
246122
84673
83864
57348
80727
7275
7846
10376
84790
113457
7277
51807
79861
7280
347733
10381
NA
NA
84617
NA
NA
10844
10426
27229
114791
85378
55000
7289
NA
286319
11334
7991
286753
64852
NA
NA
5756
11344
7291
117581
221830
NA
57045
7294
200081
NA
NA
7295
51061
51060
79770
57544
84817
84203
81567
10628
10907
10587
7297
1890
NA
7305
7306
127253
NA
7307
199746
11338
NA
55075
6675
7317
10054
9039
7311
55236
7318
NA
51271
NA
53347
7316
7319
7320
11065
7321
7322
7323
100131816
7325
10477
140739
7326
7327
7328
7329
51465
118424
3093
9246
606551
7334
389898
63893
92912
NA
54926
27338
7335
7336
55284
65264
7337
89910
9690
9354
10277
29914
5412
8266
59286
84993
134510
22888
29979
29978
50613
197131
23304
23352
51366
NA
55148
80019
92181
7343
51035
127733
91544
165324
137886
23190
80700
51377
114131
7352
51506
51569
55325
NA
7357
7358
NA
NA
7360
54576
10941
10720
7366
54490
7363
7364
133688
167127
7368
29128
54887
23074
115426
80329
80328
8408
25989
7369
89766
7372
9094
10497
201294
55898
25972
90249
219699
8633
NA
54346
81622
64718
51733
26019
65109
11045
7348
7378
151531
NA
NA
NA
NA
7386
7388
NA
81605
131669
7389
NA
7391
NA
10083
7399
83878
8237
219333
8975
9097
9958
10600
11274
10869
9099
23326
29761
83844
57646
57663
9960
84749
57478
84669
NA
NA
23032
9736
57602
57695
84640
7375
84101
85015
64854
55031
25862
158880
159195
9098
9712
7874
9101
8239
8287
10208
NA
10813
9724
84135
27340
57050
55813
NA
2837
7404
NA
55697
6843
9341
8674
8673
81839
7407
22846
79805
114990
7408
57687
7409
7410
10451
1462
7414
7415
26609
51480
51481
7416
7417
7419
7421
7422
NA
7425
245806
389136
9686
391104
7429
50853
7431
NA
7432
NA
7434
NA
5212
203547
400673
284013
NA
317702
317703
55350
23230
157680
54832
55187
64601
84313
9559
112936
51699
65082
26276
55737
51028
137492
155382
23339
27072
11311
9525
NA
6293
55275
6944
23355
7443
7444
NA
340547
11326
222008
128434
NA
143187
10490
7448
64856
200403
4013
127731
375567
220001
221806
7450
51322
NA
7453
10352
7454
10163
10810
NA
NA
NA
NA
NA
51729
NA
57590
115825
23001
NA
57705
11169
9948
55759
64743
57728
91833
84219
80232
253769
10885
55339
89891
134430
10785
55255
23160
54521
11152
57599
151790
11091
54853
54554
11180
55112
80349
284403
128025
144406
55100
256764
84942
54663
84128
79968
79084
79819
NA
80335
29062
116143
NA
NA
23038
7465
NA
58189
280664
259239
128488
164237
10406
140686
140870
90199
259240
124857
7466
NA
NA
7456
147179
55062
8840
8838
58525
65125
65268
65267
7471
80326
7480
7481
7482
7473
54361
7474
7475
7477
7478
7483
7484
NA
NA
7485
7486
56897
26118
23302
7490
NA
9589
23286
80014
NA
51741
11060
25937
56949
54739
NA
NA
170627
7494
6375
6846
129446
7503
150165
389610
286046
55113
7507
7508
7511
7512
7514
64328
57510
23214
11260
9213
7516
7518
7520
2547
54464
22803
NA
9942
64131
64132
NA
10138
10413
8565
51067
NA
4904
NA
150223
10897
90522
54432
78992
84272
81555
10652
56252
10730
55432
29799
388403
219539
79693
91746
64848
51441
253943
7531
7532
7533
10971
7534
7528
55249
353174
284273
7535
326340
79740
9189
79413
84327
9889
58486
NA
NA
22890
65986
27107
NA
7704
7709
NA
26137
NA
9278
9841
7597
10009
403341
253461
9880
360023
23099
29068
140685
NA
92999
9925
201501
NA
339487
NA
9877
80149
23091
79882
55854
29066
23264
56829
92092
23318
170261
389874
23174
51538
644353
54877
219654
85364
29063
79670
84186
85437
55063
54503
158866
131540
51201
253832
340481
51304
55146
25921
55625
29801
NA
51114
9839
10444
130617
60685
NA
7763
NA
85446
79776
162239
57677
140612
124961
22835
678
7539
286128
132625
55734
284406
146198
80829
NA
23414
51663
7543
53349
9765
84936
79038
23503
57732
9372
NA
NA
84619
11244
22882
23051
7546
7547
84107
85416
284307
23619
114026
7586
80317
23660
NA
64393
55954
57178
83637
10269
7750
9203
9204
51364
10771
84217
23613
7556
163227
51427
NA
163071
7559
7678
7690
7691
7693
7694
NA
7697
7699
7700
7701
7702
7707
7711
7712
7564
90338
169841
7727
7728
7730
7566
339318
7738
7739
7748
10168
7549
7568
7752
7753
7755
7756
10520
7988
NA
7761
51222
7638
7766
7767
7772
7571
353355
10780
9310
8187
7572
57209
219749
58500
NA
NA
9534
113835
9422
10781
10795
10793
92822
7576
129025
8427
284349
NA
57335
57336
162979
7551
91975
NA
55900
57343
282890
24149
57567
162967
NA
25799
284695
79673
27309
55422
84449
26152
7582
79175
25850
23567
7584
59348
NA
6940
117608
140467
149076
22891
195828
NA
84911
163087
25946
151126
84124
55893
252884
84307
342908
55628
79797
57862
84330
55786
55659
147687
147686
79744
23090
79088
7594
80264
170959
80818
NA
51710
126070
126068
10224
353274
55663
26036
285676
92283
168544
57573
90827
83744
220992
57474
284443
84838
26048
115560
NA
440515
22869
84450
57473
84874
9849
85460
170958
116115
84503
84436
NA
348327
NA
27300
339327
284306
90233
79818
148254
80032
79230
84527
147741
54811
147837
147929
163081
374900
148266
126295
51276
137209
126231
64763
79177
84765
163033
51157
147948
147949
201514
199704
92285
54807
84914
51385
9640
84622
152687
169270
146434
90850
148103
80095
79898
80110
284370
90317
114991
253639
90441
9831
90589
199777
199692
89887
57232
27332
51193
121274
84146
158506
65251
22834
55279
79027
401509
144348
79788
63934
79759
79862
93474
79894
641339
171392
163223
339500
340252
91120
127396
146542
115509
7620
51058
79943
90874
7553
90592
79986
619279
51123
7562
163051
374655
7552
349075
148206
170960
148203
7625
283337
65988
7627
7626
7629
388561
92595
91661
90321
58492
54989
51333
374928
285971
27153
NA
155060
146540
136051
388507
285989
7633
163049
126375
7554
7634
168850
91752
388558
126017
NA
NA
152485
91603
55778
283933
284391
91664
401983
NA
54753
643641
168374
81931
741
54680
84937
223082
NA
84133
7784
57829
11055
131368
NA
54764
9406
84083
80345
65982
54993
7579
342945
NA
146050
NA
NA
201516
79149
NA
90204
151112
125150
NA
55055
7789
79364
79699
23140
26009
